0.480166 -0.876048 0.0445138 -0.693922 0.877177 0.479629 -0.0227389 -0.545465 -0.00142977 0.0499649 0.99875 -0.78522
0.47876 -0.876917 0.0424876 -0.289299 0.877945 0.47813 -0.0245935 0.22817 0.00125186 0.0490762 0.998794 -0.787696
0.47703 -0.878047 0.0384285 0.119022 0.878881 0.476411 -0.0244978 1.01036 0.00320241 0.0454603 0.998961 -0.790516
0.475787 -0.878766 0.0373612 0.529377 0.879555 0.475207 -0.0236946 1.79997 0.00306773 0.0441348 0.999021 -0.790857
0.474351 -0.879497 0.0384124 0.940645 0.880335 0.473826 -0.0223522 2.59658 0.00145791 0.0444186 0.999012 -0.789452
0.472986 -0.880207 0.0389866 1.35828 0.88107 0.47252 -0.0209823 3.39737 4.68371e-05 0.0442742 0.999019 -0.788354
0.471929 -0.880743 0.0396732 1.77464 0.881636 0.471475 -0.0207024 4.20666 -0.000471429 0.0447474 0.998998 -0.787767
0.470428 -0.881564 0.0392756 2.19688 0.882439 0.469951 -0.0211778 5.01847 0.000211998 0.0446209 0.999004 -0.788359
0.469486 -0.882029 0.0400961 2.61745 0.882939 0.46893 -0.0228879 5.83616 0.00138549 0.046148 0.998934 -0.78878
0.468741 -0.882377 0.0411373 3.04253 0.883336 0.46823 -0.0218628 6.65721 2.95448e-05 0.0465861 0.998914 -0.787526
0.46861 -0.882423 0.0416499 3.4677 0.883397 0.46829 -0.0177324 7.48277 -0.00385675 0.045103 0.998975 -0.784876
0.469174 -0.88207 0.0427563 3.89451 0.883073 0.469023 -0.014121 8.31238 -0.00759793 0.0443821 0.998986 -0.782069
0.470355 -0.881335 0.0448878 4.32398 0.882417 0.470308 -0.0122519 9.1483 -0.0103131 0.0453725 0.998917 -0.779504
0.471592 -0.880637 0.0455981 4.75723 0.881742 0.471593 -0.0113917 9.98867 -0.0114718 0.0455781 0.998895 -0.77848
0.472708 -0.880108 0.0442344 5.19541 0.881171 0.472611 -0.0132825 10.8348 -0.00921558 0.0452568 0.998933 -0.780434
0.47367 -0.879757 0.0408049 5.6392 0.880693 0.473372 -0.0172808 11.6884 -0.00411305 0.044122 0.999018 -0.784982
0.474815 -0.879201 0.039453 6.08449 0.880085 0.474365 -0.0206885 12.5455 -0.000525794 0.0445452 0.999007 -0.787748
0.475492 -0.878719 0.0419481 6.53111 0.879719 0.475029 -0.0210462 13.4044 -0.00143282 0.0469099 0.998898 -0.786195
0.475203 -0.878676 0.0459444 6.98017 0.879854 0.474913 -0.0177469 14.2631 -0.00622584 0.0488577 0.998786 -0.781619
0.474341 -0.878874 0.0508071 7.43043 0.880281 0.474194 -0.0156743 15.1261 -0.0103167 0.0521595 0.998585 -0.777124
0.473493 -0.878917 0.0575226 7.88426 0.880738 0.473209 -0.0193203 15.9936 -0.0102393 0.0598103 0.998157 -0.77449
0.472249 -0.879541 0.0582127 8.34232 0.881443 0.471676 -0.0240799 16.8662 -0.0062783 0.0626829 0.998014 -0.7767
0.471033 -0.880366 0.0555339 8.80145 0.882114 0.470229 -0.0275712 17.7442 -0.0018409 0.0619741 0.998076 -0.780562
0.469382 -0.881326 0.0542619 9.26826 0.882995 0.468511 -0.0285733 18.6413 -0.000239853 0.0613248 0.998118 -0.782089
0.46837 -0.881795 0.0553833 9.75095 0.88353 0.467614 -0.0267024 19.5784 -0.00235194 0.0614394 0.998108 -0.780331
0.46733 -0.882421 0.0541713 10.2278 0.884066 0.466819 -0.0225213 20.5032 -0.00541485 0.0584159 0.998278 -0.778911
0.466163 -0.883022 0.0544487 10.7035 0.884675 0.465716 -0.0214 21.431 -0.00646098 0.0581453 0.998287 -0.778151
0.465182 -0.883513 0.0548641 11.1748 0.885173 0.46487 -0.0191023 22.3482 -0.00862748 0.0574503 0.998311 -0.776625
0.464969 -0.883474 0.0572441 11.6427 0.88524 0.464858 -0.0160441 23.2686 -0.0124358 0.0581348 0.998231 -0.773262
0.464462 -0.884002 0.0530558 12.106 0.885481 0.464524 -0.0119172 24.179 -0.0141108 0.052515 0.99852 -0.77386
0.46448 -0.884027 0.0524803 12.5661 0.885464 0.464573 -0.0111501 25.0937 -0.0145239 0.0516484 0.99856 -0.773821
0.464406 -0.884098 0.0519438 13.0243 0.885529 0.464409 -0.0127403 25.9998 -0.0128595 0.0519145 0.998569 -0.775094
0.464657 -0.884158 0.0485616 13.4794 0.885433 0.464553 -0.0140768 26.9039 -0.0101133 0.049539 0.998721 -0.77817
0.463877 -0.884575 0.0484167 13.9341 0.885846 0.463759 -0.0143264 27.7974 -0.00978089 0.0495354 0.998724 -0.778442
0.462676 -0.885061 0.0509718 14.3873 0.886456 0.462604 -0.0139179 28.6875 -0.0112616 0.0516237 0.998603 -0.776502
0.461876 -0.885461 0.0512738 14.8363 0.88686 0.461856 -0.0129618 29.5758 -0.0122039 0.0514595 0.9986 -0.775786
0.461652 -0.885765 0.047925 15.2813 0.887002 0.461572 -0.0133899 30.4615 -0.0102605 0.048691 0.998761 -0.77834
0.461151 -0.886185 0.0448973 15.7235 0.887308 0.46084 -0.0176521 31.3456 -0.00504748 0.0479779 0.998836 -0.782843
0.460744 -0.886444 0.0439574 16.1666 0.887524 0.460391 -0.0184546 32.2249 -0.0038786 0.0475161 0.998863 -0.783954
0.46039 -0.886536 0.0457695 16.608 0.88769 0.460167 -0.0159133 33.0989 -0.00695394 0.0479554 0.998825 -0.781296
0.460051 -0.886503 0.0496615 17.0441 0.887836 0.459931 -0.014499 33.9689 -0.00998749 0.0507616 0.998661 -0.777843
0.459776 -0.886549 0.0513489 17.4802 0.887967 0.459688 -0.0142096 34.8369 -0.011007 0.0521293 0.99858 -0.776532
0.459676 -0.886467 0.0536068 17.9131 0.888028 0.459502 -0.0162546 35.7002 -0.0102233 0.0550762 0.99843 -0.776142
0.45927 -0.886545 0.0557554 18.3511 0.888256 0.458942 -0.0192973 36.5637 -0.00848063 0.0583878 0.998258 -0.7764
0.458221 -0.886976 0.0575087 18.7838 0.888791 0.457902 -0.019378 37.4189 -0.00914551 0.0599926 0.998157 -0.775288
0.457127 -0.887231 0.0620957 19.2152 0.889301 0.457009 -0.0169247 38.2736 -0.0133622 0.0629585 0.997927 -0.770775
0.456443 -0.887276 0.0663372 19.6403 0.889555 0.456644 -0.0129905 39.1285 -0.0187663 0.06494 0.997713 -0.765615
0.45587 -0.887576 0.0662705 20.0625 0.889797 0.456238 -0.010349 39.98 -0.0210497 0.0636851 0.997748 -0.764179
0.454623 -0.888398 0.0637642 20.4879 0.89049 0.454852 -0.0117281 40.825 -0.0185841 0.0621132 0.997896 -0.76678
0.45357 -0.889287 0.0586656 20.9132 0.891159 0.45333 -0.0181037 41.6616 -0.0104955 0.0604917 0.998114 -0.77401
0.452777 -0.889923 0.0550451 21.3328 0.891613 0.452214 -0.0230024 42.4878 -0.00442185 0.0594938 0.998219 -0.779325
0.451576 -0.890779 0.0509092 21.7415 0.892218 0.451162 -0.0200037 43.3026 -0.00514944 0.0544552 0.998503 -0.780512
0.450684 -0.891322 0.0492887 22.1438 0.892649 0.450467 -0.0160583 44.104 -0.00788977 0.0512347 0.998655 -0.779404
0.449397 -0.892058 0.0476887 22.5386 0.893279 0.449312 -0.0131038 44.8938 -0.0097377 0.0484882 0.998776 -0.778848
0.448313 -0.892631 0.0471756 22.9262 0.893833 0.448188 -0.013787 45.6747 -0.00883682 0.0483481 0.998791 -0.779635
0.446834 -0.893416 0.0463341 23.3062 0.894566 0.446763 -0.0124542 46.4423 -0.00957352 0.0470139 0.998848 -0.779495
0.445465 -0.89414 0.045538 23.6797 0.895241 0.445439 -0.011288 47.1984 -0.0101913 0.0457959 0.998899 -0.779411
0.443999 -0.894838 0.0461467 24.0464 0.895958 0.444015 -0.0104684 47.943 -0.0111223 0.0459935 0.99888 -0.778582
0.442675 -0.895452 0.0469476 24.4072 0.896605 0.442716 -0.0100692 48.6778 -0.011768 0.0465508 0.998847 -0.777863
0.441352 -0.896151 0.0460699 24.7605 0.897225 0.441517 -0.007083 49.3979 -0.0139932 0.0444612 0.998913 -0.776757
0.44017 -0.896701 0.0466611 25.1061 0.897725 0.44055 -0.00234265 50.1087 -0.0184559 0.04292 0.998908 -0.773611
0.438433 -0.897611 0.0455042 25.4511 0.898531 0.438909 0.000528615 50.8034 -0.0204467 0.0406552 0.998964 -0.77274
0.437091 -0.898475 0.0411597 25.783 0.899255 0.437424 -0.00100717 51.4872 -0.0170993 0.0374533 0.999152 -0.77659
0.436103 -0.899142 0.0368357 26.107 0.899844 0.436156 -0.00701399 52.1583 -0.00975954 0.0362052 0.999297 -0.783041
0.434839 -0.899829 0.0349554 26.4189 0.900499 0.434683 -0.0123373 52.8109 -0.00409307 0.036842 0.999313 -0.787453
0.434421 -0.900097 0.033219 26.7204 0.900708 0.434193 -0.0141707 53.4459 -0.00166841 0.0360767 0.999348 -0.789684
0.433692 -0.900469 0.0326679 27.0098 0.901049 0.433593 -0.0104249 54.0558 -0.00477731 0.0339565 0.999412 -0.78787
0.432488 -0.901024 0.0333088 27.2917 0.901604 0.432503 -0.00712326 54.6452 -0.00798791 0.0331121 0.99942 -0.785535
0.431348 -0.901525 0.0345311 27.5664 0.90217 0.431249 -0.0106288 55.2216 -0.00530934 0.0357376 0.999347 -0.786844
0.431358 -0.901331 0.0391499 27.832 0.902181 0.430977 -0.0181541 55.7849 -0.000509864 0.0431512 0.999068 -0.788237
0.432266 -0.900844 0.0403218 28.0897 0.901732 0.431576 -0.0249372 56.3331 0.00506262 0.047139 0.998875 -0.791377
0.434802 -0.899694 0.0387128 28.3388 0.900507 0.434109 -0.0252235 56.8655 0.00588784 0.0458284 0.998932 -0.792496
0.438171 -0.898209 0.0350222 28.5826 0.898888 0.437718 -0.0200962 57.3815 0.00272076 0.0402866 0.999184 -0.791836
0.442189 -0.896136 0.0375335 28.8198 0.896922 0.441826 -0.0179253 57.8835 -0.000519795 0.041591 0.999135 -0.788771
0.446771 -0.893601 0.0432836 29.0572 0.894637 0.446489 -0.0165159 58.3704 -0.00456702 0.0461019 0.998926 -0.78394
0.453675 -0.889826 0.0488745 29.2874 0.891122 0.453523 -0.0147853 58.8478 -0.00900941 0.0502608 0.998695 -0.77888
0.462783 -0.88525 0.0465246 29.5161 0.886426 0.462655 -0.014144 59.3157 -0.00900383 0.0477863 0.998817 -0.779744
0.475609 -0.878689 0.0412416 29.7352 0.879611 0.47554 -0.0120875 59.7789 -0.00899085 0.0420255 0.999076 -0.781733
0.491218 -0.870255 0.0368944 29.9544 0.870979 0.491232 -0.00930681 60.2282 -0.0100244 0.0367059 0.999276 -0.782691
0.509619 -0.859577 0.0376426 30.1746 0.86033 0.509649 -0.0094966 60.6636 -0.0110215 0.0372247 0.999246 -0.781702
0.531303 -0.8462 0.0407729 30.3964 0.847087 0.531348 -0.0106246 61.0864 -0.0126741 0.040183 0.999112 -0.779348
0.555347 -0.830535 0.042439 30.6243 0.831484 0.555452 -0.0103625 61.4983 -0.0149664 0.0410421 0.999045 -0.777175
0.5818 -0.812188 0.0431309 30.859 0.813147 0.581981 -0.00951697 61.9026 -0.0173718 0.0406087 0.999024 -0.775343
0.611125 -0.79036 0.0431015 31.1034 0.791304 0.611354 -0.00918083 62.298 -0.0190941 0.039717 0.999029 -0.774225
0.642896 -0.764782 0.0423398 31.3566 0.76569 0.643141 -0.00935883 62.6862 -0.020073 0.0384359 0.999059 -0.773851
0.676468 -0.735278 0.0419187 31.6208 0.736167 0.67673 -0.00975217 63.0605 -0.0211971 0.0374562 0.999073 -0.773253
0.711596 -0.701519 0.0387515 31.8985 0.702286 0.711826 -0.00990142 63.4189 -0.0206383 0.0342604 0.9992 -0.774789
0.748286 -0.662411 0.0357679 32.188 0.663102 0.748439 -0.0116065 63.7649 -0.0190818 0.0324028 0.999293 -0.776696
0.785228 -0.61829 0.0336827 32.4892 0.618937 0.785329 -0.0132425 64.0926 -0.0182643 0.0312458 0.999345 -0.777756
0.821139 -0.569871 0.0312704 32.8037 0.570459 0.821201 -0.0143161 64.3995 -0.017521 0.029594 0.999408 -0.778917
0.855392 -0.517184 0.0287117 33.1312 0.517722 0.855403 -0.0158249 64.686 -0.0163757 0.0284012 0.999462 -0.780254
0.887018 -0.460924 0.0273396 33.4723 0.461478 0.886942 -0.0192576 64.9486 -0.0153723 0.0296984 0.999441 -0.780651
0.91482 -0.40304 0.0257408 33.8246 0.403574 0.914716 -0.0205798 65.1851 -0.015251 0.0292152 0.999457 -0.78091
0.938646 -0.3439 0.0260242 34.1876 0.344451 0.938572 -0.0208778 65.3967 -0.0172457 0.028561 0.999443 -0.779481
0.958446 -0.284036 0.0265466 34.5651 0.284565 0.958472 -0.0187994 65.5803 -0.0201044 0.0255724 0.999471 -0.778102
0.974257 -0.223891 0.0263998 34.9512 0.224414 0.974312 -0.0188431 65.7403 -0.0215028 0.0242825 0.999474 -0.777365
0.986105 -0.16428 0.0246969 35.3496 0.164822 0.986082 -0.021809 65.8711 -0.0207704 0.0255766 0.999457 -0.777546
0.994032 -0.106565 0.0233405 35.7498 0.107193 0.993856 -0.0275529 65.9776 -0.0202609 0.0298904 0.999348 -0.776544
0.998461 -0.0512723 0.0211621 36.1536 0.0518147 0.99832 -0.0259309 66.0543 -0.019797 0.0269875 0.99944 -0.777882
0.99981 0.00287339 0.0192796 36.5635 -0.00246717 0.999775 -0.0210606 66.1098 -0.0193358 0.021009 0.999592 -0.780212
0.998426 0.0534839 0.0168961 36.9763 -0.0531615 0.998405 -0.0189894 66.142 -0.0178848 0.0180612 0.999677 -0.782358
0.994922 0.0995753 0.0146521 37.3835 -0.099197 0.994763 -0.0246105 66.1498 -0.017026 0.0230321 0.99959 -0.781454
0.989795 0.141807 0.0140391 37.7911 -0.141175 0.989224 -0.0388124 66.1364 -0.0193917 0.0364344 0.999148 -0.775063
0.983772 0.17885 0.0143375 38.1934 -0.17806 0.983007 -0.0446277 66.0986 -0.0220756 0.0413506 0.998901 -0.771176
0.977159 0.212205 0.0113329 38.6032 -0.211578 0.976482 -0.0414455 66.047 -0.0198614 0.0381011 0.999077 -0.774106
0.969958 0.243105 0.00899179 39.0141 -0.242754 0.969644 -0.0293277 65.9802 -0.0158485 0.0262639 0.999529 -0.781353
0.962445 0.271384 0.00710183 39.4239 -0.271177 0.962282 -0.0217971 65.8985 -0.0127494 0.0190527 0.999737 -0.786242
0.955103 0.296243 0.00433365 39.8363 -0.296087 0.954916 -0.0216274 65.7985 -0.0105453 0.0193733 0.999757 -0.787942
0.947717 0.319111 0.000200585 40.2499 -0.318998 0.947396 -0.0260876 65.6838 -0.00851487 0.0246596 0.99966 -0.787882
0.940988 0.338293 -0.0099939 40.6747 -0.338438 0.940468 -0.0313039 65.548 -0.00119096 0.0328389 0.99946 -0.791142
0.934097 0.356527 -0.0187359 41.1061 -0.356953 0.933646 -0.0298405 65.4018 0.00685371 0.0345618 0.999379 -0.797064
0.927563 0.373162 -0.0194024 41.5414 -0.373579 0.927218 -0.0265505 65.2443 0.00808262 0.0318755 0.999459 -0.798945
0.921666 0.387748 -0.0135431 41.979 -0.387976 0.921322 -0.025317 65.0734 0.00266094 0.0285882 0.999588 -0.795658
0.915863 0.401359 -0.0103255 42.4218 -0.40149 0.915483 -0.0264063 64.8884 -0.00114559 0.0283301 0.999598 -0.792655
0.910301 0.41384 -0.00935494 42.8727 -0.413932 0.90985 -0.0288562 64.6908 -0.00343025 0.0301401 0.99954 -0.790196
0.905277 0.424693 -0.0104738 43.3315 -0.424801 0.904713 -0.0322341 64.4791 -0.00421382 0.0336301 0.999425 -0.788392
0.90074 0.434173 -0.0126964 43.8019 -0.434343 0.900082 -0.034616 64.2538 -0.00360156 0.0366946 0.99932 -0.787857
0.896942 0.441911 -0.0144913 44.2825 -0.442139 0.896223 -0.0360318 64.0158 -0.00293539 0.0387257 0.999246 -0.787708
0.894224 0.447346 -0.015669 44.7733 -0.447613 0.893451 -0.0372554 63.7644 -0.00266662 0.0403283 0.999183 -0.787378
0.891582 0.452524 -0.0174381 45.2785 -0.452857 0.890778 -0.0378809 63.5037 -0.00160847 0.0416709 0.99913 -0.787775
0.888682 0.458148 -0.0185726 45.8008 -0.458523 0.887889 -0.0375314 63.2316 -0.000704518 0.0418695 0.999123 -0.788435
0.886509 0.462289 -0.019793 46.3378 -0.462712 0.88563 -0.0394511 62.9476 -0.000708473 0.0441322 0.999025 -0.787652
0.884843 0.465436 -0.0205434 46.8817 -0.465888 0.883896 -0.0409283 62.6478 -0.000891218 0.045786 0.998951 -0.78693
0.883202 0.468531 -0.0207922 47.4429 -0.468991 0.882208 -0.0419095 62.339 -0.00129283 0.0467659 0.998905 -0.78626
0.881697 0.471346 -0.0210695 48.0159 -0.471813 0.880628 -0.0434412 62.0166 -0.00192139 0.0482428 0.998834 -0.785234
0.880979 0.472595 -0.023027 48.6024 -0.473151 0.879704 -0.0474312 61.6866 -0.00215881 0.0526811 0.998609 -0.783491
0.881029 0.472416 -0.0247052 49.1979 -0.473055 0.879556 -0.0509832 61.3433 -0.00235567 0.0566046 0.998394 -0.781947
0.881805 0.47092 -0.0255704 49.81 -0.471608 0.880221 -0.0528827 60.9922 -0.0023959 0.0586914 0.998273 -0.78117
0.883242 0.468139 -0.026996 50.4371 -0.468913 0.881531 -0.0549967 60.6353 -0.00194832 0.0612342 0.998122 -0.780624
0.884978 0.464837 -0.0272256 51.0784 -0.465629 0.88321 -0.05594 60.2693 -0.00195706 0.0621827 0.998063 -0.780271
0.886737 0.461522 -0.0263509 51.7374 -0.462261 0.88484 -0.0580813 59.9042 -0.00348949 0.0636839 0.997964 -0.778482
0.888532 0.458131 -0.0250437 52.4102 -0.45879 0.886585 -0.0589874 59.5346 -0.00482057 0.063902 0.997945 -0.777313
0.890399 0.454662 -0.0217344 53.0992 -0.455128 0.888551 -0.0577641 59.1614 -0.00695102 0.061325 0.998094 -0.77649
0.892223 0.45115 -0.0200719 53.7969 -0.451524 0.890406 -0.0574727 58.788 -0.00805665 0.0603414 0.998145 -0.77593
0.89402 0.447599 -0.0195872 54.5065 -0.44797 0.892349 -0.0551001 58.4127 -0.00718413 0.058035 0.998289 -0.777454
0.895522 0.444506 -0.0213306 55.2244 -0.444999 0.894023 -0.051948 58.0387 -0.00402119 0.0560127 0.998422 -0.780739
0.896141 0.443115 -0.0240958 55.9528 -0.443766 0.895035 -0.0445313 57.6635 0.00183412 0.0505992 0.998717 -0.787377
0.895989 0.443345 -0.025461 56.684 -0.444051 0.895069 -0.0408761 57.2893 0.0046671 0.0479305 0.99884 -0.790584
0.896023 0.443331 -0.0245009 57.4142 -0.443981 0.895203 -0.0386304 56.9152 0.00480726 0.0454917 0.998953 -0.791531
0.896003 0.443566 -0.0206901 58.1422 -0.444044 0.895231 -0.0372409 56.5426 0.00200359 0.0425552 0.999092 -0.790265
0.895933 0.443715 -0.0205107 58.8715 -0.444187 0.89512 -0.0381909 56.1699 0.00141369 0.0433271 0.99906 -0.789518
0.896019 0.443631 -0.018473 59.5981 -0.444016 0.895259 -0.0368831 55.794 0.00017558 0.0412503 0.999149 -0.789217
0.895879 0.443949 -0.0175886 60.3248 -0.444297 0.895178 -0.0354378 55.4172 1.23212e-05 0.0395625 0.999217 -0.789651
0.895914 0.4439 -0.0170687 61.0506 -0.444228 0.895311 -0.0328648 55.0434 0.000693075 0.0370264 0.999314 -0.791053
0.895385 0.44498 -0.0166971 61.7769 -0.445289 0.894894 -0.0296906 54.6702 0.00173042 0.0340195 0.99942 -0.792896
0.89417 0.447465 -0.0153122 62.5033 -0.447725 0.893761 -0.0270831 54.2997 0.00156672 0.0310725 0.999516 -0.79374
0.892456 0.45095 -0.0129044 63.2275 -0.451134 0.892101 -0.0251861 53.9281 0.000154288 0.0282991 0.999599 -0.793508
0.890257 0.455356 -0.00965795 63.9511 -0.455452 0.889929 -0.0242825 53.5562 -0.00246228 0.0260164 0.999658 -0.792129
0.887362 0.461026 -0.00659421 64.6727 -0.461047 0.887069 -0.0233332 53.1795 -0.00490766 0.0237452 0.999706 -0.790877
0.883907 0.467622 -0.00613246 65.3921 -0.467634 0.883633 -0.0225942 52.7989 -0.0051467 0.0228389 0.999726 -0.790972
0.879798 0.4753 -0.00676372 66.1066 -0.475329 0.87955 -0.0212999 52.4157 -0.00417479 0.0219546 0.99975 -0.792046
0.874947 0.484156 -0.00775979 66.8169 -0.484206 0.8747 -0.0210641 52.0252 -0.00341084 0.0221873 0.999748 -0.792586
0.869927 0.49312 -0.0077 67.519 -0.493163 0.869658 -0.0220492 51.6326 -0.00417652 0.0229785 0.999727 -0.7917
0.864539 0.502528 -0.00605519 68.2116 -0.502533 0.864287 -0.0216365 51.2356 -0.00563954 0.0217486 0.999748 -0.790903
0.858859 0.512176 -0.00605883 68.9013 -0.512172 0.858585 -0.0226316 50.8314 -0.00638935 0.0225405 0.999726 -0.79003
0.853093 0.521721 -0.00630844 69.5819 -0.521719 0.852816 -0.0226509 50.4205 -0.00643752 0.0226146 0.999723 -0.789961
0.847244 0.531158 -0.00699735 70.2537 -0.531173 0.846976 -0.0220824 50.0059 -0.00580265 0.0224259 0.999732 -0.790535
0.841463 0.540258 -0.00784006 70.918 -0.540295 0.841216 -0.0209053 49.5854 -0.0046991 0.021827 0.999751 -0.791624
0.8358 0.548957 -0.00914621 71.5716 -0.549021 0.835554 -0.0206241 49.1623 -0.00367963 0.0222591 0.999745 -0.792308
0.83047 0.556969 -0.0102527 72.2128 -0.557056 0.830219 -0.0206192 48.736 -0.00297221 0.0228349 0.999735 -0.792692
0.825038 0.564969 -0.0110119 72.8428 -0.565071 0.824785 -0.0205986 48.3063 -0.00255516 0.0232172 0.999727 -0.792902
0.8196 0.572821 -0.0114467 73.4634 -0.57293 0.819342 -0.0207364 47.8769 -0.00249949 0.0235538 0.999719 -0.792833
0.81454 0.579983 -0.0120029 74.0717 -0.5801 0.814255 -0.0217224 47.4448 -0.00282521 0.0246567 0.999692 -0.792203
0.810108 0.586162 -0.0118226 74.6681 -0.586266 0.809777 -0.0235275 47.012 -0.0042172 0.025991 0.999653 -0.79063
0.806892 0.590575 -0.0120988 75.2507 -0.590669 0.806475 -0.0266358 46.5808 -0.00597303 0.0286386 0.999572 -0.788324
0.804427 0.593925 -0.0122685 75.8257 -0.593997 0.803901 -0.0301643 46.1497 -0.00805272 0.0315525 0.99947 -0.785658
0.802629 0.596354 -0.0122016 76.3897 -0.596402 0.802031 -0.0324283 45.7224 -0.00955267 0.0333049 0.9994 -0.783844
0.801526 0.597842 -0.0118988 76.9387 -0.597871 0.800903 -0.0332235 45.3022 -0.0103327 0.0337434 0.999377 -0.783055
0.800879 0.598703 -0.0121632 77.4779 -0.598738 0.800243 -0.0335299 44.8876 -0.0103409 0.0341359 0.999364 -0.782913
0.801226 0.598207 -0.0136052 78.0013 -0.59829 0.800569 -0.0337308 44.4814 -0.00928615 0.0351659 0.999338 -0.783428
0.802855 0.595981 -0.0151747 78.5091 -0.596119 0.802174 -0.0340506 44.0859 -0.00812079 0.0363836 0.999305 -0.783969
0.805691 0.592124 -0.0158731 79.0024 -0.592292 0.805013 -0.0338303 43.703 -0.00725373 0.0366583 0.999302 -0.784581
0.810142 0.586018 -0.0158795 79.4789 -0.586196 0.809489 -0.0331889 43.3357 -0.00659495 0.0361962 0.999323 -0.785271
0.816361 0.577333 -0.0155244 79.9395 -0.577509 0.815735 -0.0325445 42.9815 -0.00612526 0.0355335 0.99935 -0.785874
0.823975 0.56642 -0.0152718 80.384 -0.566596 0.823353 -0.0325355 42.6441 -0.00585469 0.0354614 0.999354 -0.786116
0.833278 0.552634 -0.0155937 80.816 -0.552837 0.832699 -0.0313775 42.3256 -0.00435542 0.034767 0.999386 -0.787568
0.84438 0.535478 -0.0169291 81.2451 -0.535743 0.843864 -0.0295331 42.0194 -0.00152846 0.0340068 0.99942 -0.790118
0.856875 0.515193 -0.0184877 81.6711 -0.515521 0.856446 -0.0271655 41.7239 0.00183824 0.0328083 0.99946 -0.793244
0.870856 0.491175 -0.0188901 82.0948 -0.491524 0.870484 -0.0257184 41.4372 0.00381129 0.0316819 0.999491 -0.795212
0.886279 0.462809 -0.0178027 82.5175 -0.463135 0.885921 -0.0254948 41.1624 0.00397255 0.0308405 0.999516 -0.79562
0.90288 0.429628 -0.0150792 82.9383 -0.429887 0.902479 -0.0269882 40.9016 0.00201382 0.0308494 0.999522 -0.794032
0.919968 0.391848 -0.0106766 83.36 -0.391992 0.919534 -0.0282727 40.6573 -0.00126111 0.0301951 0.999543 -0.791594
0.936545 0.350517 -0.00465463 83.7823 -0.3505 0.93611 -0.0291165 40.4317 -0.0058486 0.0289004 0.999565 -0.788289
0.952346 0.305019 0.0012537 84.211 -0.304865 0.951982 -0.0280472 40.2187 -0.00974842 0.0263284 0.999606 -0.785949
0.9669 0.2551 0.00532389 84.6419 -0.254877 0.96661 -0.0265179 40.0326 -0.0119108 0.0242833 0.999634 -0.784846
0.97965 0.200583 0.00720196 85.0721 -0.200329 0.979368 -0.0265892 39.8667 -0.0123867 0.0246053 0.99962 -0.78435
0.99001 0.140847 0.00646181 85.5032 -0.140593 0.989609 -0.0301143 39.7225 -0.0106362 0.028905 0.999526 -0.784371
0.997057 0.0765732 0.00361499 85.9335 -0.0764184 0.996558 -0.0321264 39.6021 -0.00606257 0.0317556 0.999477 -0.787164
0.999951 0.00994876 -0.000300618 86.3664 -0.00995317 0.999326 -0.035334 39.5098 -5.11145e-05 0.0353353 0.999376 -0.790855
0.998318 -0.0579254 -0.00252602 86.7977 0.0578061 0.997746 -0.0340673 39.4458 0.00449369 0.033864 0.999416 -0.795024
0.992036 -0.125895 -0.00380406 87.2284 0.125704 0.991524 -0.032842 39.4125 0.00790646 0.0321023 0.999453 -0.798361
0.981082 -0.193552 -0.00402015 87.6578 0.193307 0.98055 -0.0339754 39.4094 0.010518 0.0325556 0.999415 -0.800308
0.965746 -0.259484 -0.00140068 88.0826 0.259269 0.96514 -0.0358503 39.4357 0.0106545 0.0342592 0.999356 -0.799849
0.946151 -0.32369 0.00477633 88.4995 0.323652 0.945521 -0.0352038 39.4897 0.006879 0.034854 0.999369 -0.796617
0.92232 -0.386208 0.0130011 88.9078 0.386426 0.921717 -0.0333627 39.5733 0.000901624 0.0357951 0.999359 -0.791476
0.895236 -0.44516 0.0196124 89.311 0.445573 0.894732 -0.0303168 39.6905 -0.00405207 0.0358795 0.999348 -0.787428
0.865909 -0.499485 0.0267677 89.7092 0.500106 0.865552 -0.0267272 39.8371 -0.00981895 0.03653 0.999284 -0.782504
0.83598 -0.547869 0.0312656 90.1029 0.548568 0.835838 -0.0211868 40.0156 -0.0145254 0.0348631 0.999287 -0.779204
0.807098 -0.589491 0.0330792 90.4888 0.590181 0.807094 -0.0168938 40.2275 -0.0167393 0.0331576 0.99931 -0.777954
0.780666 -0.624142 0.0317417 90.8697 0.62466 0.780842 -0.00927016 40.4737 -0.0189993 0.0270647 0.999453 -0.77811
0.756854 -0.652961 0.028535 91.2418 0.653363 0.757012 -0.00705537 40.7454 -0.0169944 0.0239836 0.999568 -0.780776
0.735034 -0.677497 0.0268727 91.6109 0.677847 0.735179 -0.00594067 41.0356 -0.0157314 0.0225822 0.999621 -0.782275
0.718509 -0.694823 0.0310738 91.971 0.695354 0.718592 -0.0104256 41.3483 -0.0150855 0.0290982 0.999463 -0.780673
0.706971 -0.706428 0.0339274 92.3265 0.707073 0.707039 -0.0120184 41.6785 -0.0154979 0.0324858 0.999352 -0.779212
0.697564 -0.715836 0.0313576 92.6859 0.716368 0.697655 -0.00977392 42.0236 -0.0148803 0.0292815 0.99946 -0.780786
0.690386 -0.722915 0.027586 93.0488 0.723287 0.690525 -0.00567985 42.3847 -0.0149427 0.0238738 0.999603 -0.782514
0.685754 -0.727506 0.0218294 93.4142 0.727706 0.685887 -0.00181655 42.7593 -0.013651 0.0171311 0.99976 -0.78576
0.683596 -0.729701 0.0152705 93.7867 0.729793 0.683667 -0.000731672 43.1497 -0.00990606 0.0116445 0.999883 -0.790582
0.682914 -0.73039 0.0126452 94.163 0.730458 0.682956 -0.0012198 43.5482 -0.0077452 0.0100698 0.999919 -0.792849
0.684501 -0.728918 0.0116872 94.546 0.728995 0.684507 -0.00411668 43.9587 -0.00499923 0.0113377 0.999923 -0.794692
0.687584 -0.726045 0.00936558 94.9404 0.726103 0.687491 -0.0114086 44.3822 0.00184439 0.0146447 0.999891 -0.799201
0.690647 -0.723161 0.00674312 95.3411 0.723158 0.690491 -0.016268 44.8102 0.00710829 0.0161118 0.999845 -0.802984
0.693806 -0.720153 0.00348233 95.7525 0.720132 0.693725 -0.0124731 45.2446 0.00656673 0.0111616 0.999916 -0.804126
0.697894 -0.716196 0.0028693 96.1684 0.716196 0.697868 -0.00654233 45.6874 0.0026832 0.00662084 0.999974 -0.802423
0.701472 -0.712661 0.00708963 96.597 0.712694 0.701461 -0.00438206 46.1337 -0.00185018 0.00812664 0.999965 -0.798283
0.704191 -0.709885 0.0133658 97.0364 0.709968 0.704229 -0.00238452 46.5822 -0.00771988 0.0111685 0.999908 -0.792549
0.706688 -0.707298 0.0179362 97.486 0.707413 0.7068 -9.06419e-05 47.0382 -0.0126132 0.0127524 0.999839 -0.788045
0.708999 -0.704873 0.0217757 97.9438 0.705071 0.709133 -0.00209612 47.5042 -0.0139644 0.0168396 0.999761 -0.785636
0.709454 -0.704377 0.0229716 98.4154 0.704661 0.709509 -0.00707137 47.9728 -0.0113177 0.021204 0.999711 -0.786406
0.709312 -0.704594 0.020604 98.8958 0.704874 0.709212 -0.0130563 48.4493 -0.00541327 0.0237842 0.999702 -0.790397
0.708891 -0.705152 0.0153222 99.3835 0.705314 0.70864 -0.0190037 48.9362 0.00254257 0.0242785 0.999702 -0.796698
0.70722 -0.706918 0.0103293 99.8818 0.706958 0.706964 -0.0203084 49.4272 0.00705392 0.0216649 0.99974 -0.801193
0.705424 -0.708664 0.0131101 100.382 0.708777 0.705207 -0.0178163 49.9243 0.00338048 0.0218602 0.999755 -0.798172
0.704184 -0.709733 0.0201078 100.889 0.710007 0.704045 -0.0145014 50.432 -0.00386465 0.0244883 0.999693 -0.791448
0.70233 -0.711453 0.0238044 101.404 0.711771 0.702361 -0.00842894 50.945 -0.0107225 0.0228632 0.999681 -0.786384
0.700944 -0.712892 0.0214983 101.926 0.713139 0.700994 -0.00641425 51.4727 -0.0104975 0.0198273 0.999748 -0.787558
0.699562 -0.714419 0.0148105 102.456 0.714548 0.699558 -0.00629037 52.0124 -0.00586684 0.0149833 0.99987 -0.792903
0.696953 -0.717032 0.0110269 102.994 0.717117 0.69688 -0.0100879 52.5584 -0.000451127 0.0149384 0.999888 -0.797326
0.693974 -0.719933 0.00982481 103.536 0.719994 0.693847 -0.0135693 53.1133 0.00295206 0.0164905 0.99986 -0.799591
0.691222 -0.72254 0.0121354 104.083 0.722641 0.691088 -0.0136884 53.676 0.00150382 0.0182312 0.999833 -0.797868
0.688609 -0.724954 0.0161012 104.633 0.725132 0.688437 -0.0154064 54.2474 8.4286e-05 0.0222845 0.999752 -0.795414
0.687198 -0.726226 0.0188212 105.191 0.726465 0.687063 -0.0139344 54.8292 -0.00281182 0.0232486 0.999726 -0.792756
0.686054 -0.727202 0.0225329 105.757 0.727531 0.685937 -0.0137663 55.4295 -0.00544521 0.0258378 0.999651 -0.789774
0.685564 -0.727505 0.0271902 106.325 0.727981 0.685404 -0.0162782 56.0338 -0.00679376 0.0309537 0.999498 -0.786994
0.68509 -0.727941 0.0274485 106.901 0.728413 0.684981 -0.0146853 56.6426 -0.00811164 0.0300546 0.999515 -0.786223
0.685423 -0.727777 0.023155 107.477 0.728117 0.68533 -0.0130141 57.2567 -0.00639744 0.0257797 0.999647 -0.789038
0.685851 -0.727544 0.0169825 108.059 0.727735 0.68576 -0.0115981 57.8759 -0.00320781 0.0203134 0.999789 -0.793423
0.686371 -0.727177 0.0104586 108.644 0.72725 0.686332 -0.00750942 58.4944 -0.00171737 0.0127602 0.999917 -0.797061
0.688206 -0.725496 0.005416 109.231 0.725512 0.688207 -0.00194589 59.1208 -0.0023156 0.00526855 0.999983 -0.798938
0.690577 -0.723245 0.00446198 109.817 0.723241 0.69059 0.00274349 59.7483 -0.00506562 0.0013325 0.999986 -0.797928
0.692382 -0.721521 0.00379957 110.411 0.721517 0.692392 0.00259835 60.3759 -0.00450556 0.000942403 0.999989 -0.798512
0.693881 -0.720087 0.00212808 111.009 0.720089 0.693882 -0.000241085 61.0084 -0.00130304 0.00169969 0.999998 -0.80089
0.694632 -0.719322 0.00786437 111.611 0.719362 0.694621 -0.00450125 61.6488 -0.0022249 0.00878404 0.999959 -0.797945
0.694963 -0.718934 0.0126905 112.215 0.719043 0.694902 -0.00940495 62.2826 -0.00205711 0.0156611 0.999875 -0.795911
0.696031 -0.717876 0.0139127 112.817 0.718008 0.695954 -0.0106057 62.9145 -0.00206905 0.0173713 0.999847 -0.795362
0.69677 -0.717185 0.0124996 113.42 0.717284 0.696748 -0.00677136 63.5442 -0.00385277 0.0136839 0.999899 -0.795099
0.697434 -0.71651 0.0141203 114.02 0.716593 0.697491 -0.00118461 64.1715 -0.00900002 0.0109447 0.9999 -0.791778
0.698126 -0.715824 0.0147356 114.621 0.715817 0.698256 0.00666172 64.7908 -0.0150578 0.00589726 0.999869 -0.788402
0.699033 -0.714989 0.0119872 115.22 0.71503 0.699093 0.00120703 65.4034 -0.00924316 0.00772744 0.999927 -0.792609
0.699367 -0.714726 0.00723416 115.825 0.714751 0.699261 -0.0128605 66.0131 0.0041332 0.0141649 0.999891 -0.801454
0.699073 -0.715038 0.00425493 116.43 0.714889 0.698775 -0.0254298 66.6184 0.01521 0.0208191 0.999668 -0.808219
0.698477 -0.715581 0.00858147 117.028 0.715569 0.698206 -0.021655 67.2155 0.00950426 0.0212661 0.999729 -0.803515
0.697582 -0.716093 0.0243055 117.616 0.716403 0.697653 -0.00679068 67.8075 -0.0120941 0.0221496 0.999681 -0.785708
0.69641 -0.716738 0.0360447 118.206 0.717021 0.69702 0.00665489 68.3982 -0.0298937 0.0212103 0.999328 -0.771295
0.696022 -0.717315 0.0318154 118.8 0.717579 0.696464 0.00421453 68.9941 -0.0251814 0.0198966 0.999485 -0.775653
0.695344 -0.718456 0.0178425 119.398 0.718615 0.695397 -0.00402016 69.589 -0.00951932 0.0156173 0.999833 -0.789951
0.694564 -0.719327 0.0122598 119.99 0.719431 0.694471 -0.0113487 70.1811 -0.000350615 0.0167025 0.99986 -0.797081
0.69323 -0.720577 0.0141673 120.577 0.720716 0.69306 -0.0154124 70.7701 0.00128699 0.0208949 0.999781 -0.797067
0.691278 -0.722404 0.0163671 121.154 0.722586 0.691164 -0.0126911 71.3607 -0.00214423 0.0205997 0.999785 -0.79439
0.688727 -0.724846 0.0158989 121.726 0.725021 0.688577 -0.0143967 71.9521 -0.000512237 0.0214424 0.99977 -0.795451
0.685203 -0.728209 0.0144464 122.298 0.72835 0.685016 -0.0161055 72.5387 0.00183219 0.0215576 0.999766 -0.797323
0.682838 -0.730477 0.0116523 122.861 0.730569 0.682732 -0.0120479 73.1274 0.000845306 0.0167396 0.99986 -0.798087
0.681164 -0.732106 0.00597701 123.426 0.732126 0.681107 -0.00923311 73.7199 0.00268863 0.0106652 0.99994 -0.801521
0.679785 -0.73339 0.00566232 123.986 0.733411 0.679761 -0.00564847 74.3119 0.000293504 0.00799255 0.999968 -0.800433
0.678745 -0.734312 0.00955699 124.543 0.734361 0.678753 -0.0028671 74.9028 -0.00438149 0.00896432 0.99995 -0.796342
0.677787 -0.735179 0.0108313 125.099 0.735242 0.677798 -0.00319479 75.4949 -0.00499271 0.010129 0.999936 -0.795488
0.675919 -0.736903 0.0103575 125.654 0.736975 0.675878 -0.00757371 76.092 -0.00141931 0.0127524 0.999918 -0.797574
0.67263 -0.739877 0.0122389 126.203 0.739977 0.672505 -0.0130721 76.6807 0.00144101 0.0178491 0.99984 -0.798276
0.667804 -0.744209 0.0138126 126.751 0.744329 0.667595 -0.0170605 77.2763 0.00347537 0.0216742 0.999759 -0.798696
0.662767 -0.748632 0.0170242 127.29 0.748825 0.66262 -0.014009 77.8735 -0.000792993 0.0220328 0.999757 -0.795135
0.658074 -0.752592 0.0233195 127.825 0.752892 0.6581 -0.00759115 78.4714 -0.00963351 0.0225526 0.999699 -0.787775
0.654757 -0.755189 0.0313371 128.346 0.755615 0.655011 -0.00277066 79.0796 -0.0184338 0.0254929 0.999505 -0.779594
0.651582 -0.758048 0.0283503 128.871 0.758247 0.651947 0.00518789 79.6864 -0.0224156 0.0181162 0.999585 -0.778707
0.648257 -0.761066 0.0232722 129.393 0.761216 0.648489 0.00341783 80.3021 -0.017693 0.0154996 0.999723 -0.783461
0.643014 -0.765648 0.0177858 129.919 0.765818 0.643038 -0.00511065 80.9165 -0.00752399 0.0169069 0.999829 -0.791367
0.638001 -0.769857 0.0166 130.44 0.770035 0.637877 -0.0126267 81.5382 -0.000867971 0.0208385 0.999782 -0.795529
0.632857 -0.774059 0.01802 130.958 0.774268 0.632717 -0.0133518 82.1616 -0.00106648 0.0224021 0.999748 -0.794872
0.626805 -0.779033 0.0149329 131.477 0.779161 0.626798 -0.0057488 82.7861 -0.00488138 0.0152385 0.999872 -0.794091
0.620632 -0.784038 0.00997504 131.989 0.784092 0.620639 -0.00280312 83.4189 -0.00399315 0.00956105 0.999946 -0.796626
0.612843 -0.790189 0.00497913 132.504 0.790203 0.612817 -0.0058806 84.0516 0.00159549 0.00753841 0.99997 -0.801808
0.605971 -0.795473 0.00470417 133.008 0.795474 0.605918 -0.00922876 84.6904 0.00449089 0.00933441 0.999946 -0.803596
0.599514 -0.800345 0.0055015 133.509 0.800358 0.599469 -0.00800288 85.3354 0.00310709 0.00920101 0.999953 -0.802533
0.593197 -0.80503 0.00666376 133.996 0.805049 0.593209 -0.000248545 85.9855 -0.00375292 0.00551209 0.999978 -0.798138
0.586693 -0.809777 0.00725844 134.48 0.809753 0.586735 0.0065343 86.6432 -0.0095501 0.00204392 0.999952 -0.794496
0.580526 -0.814182 0.00983436 134.957 0.81413 0.580604 0.00953575 87.3037 -0.0134737 0.0024707 0.999906 -0.791161
0.575301 -0.817871 0.0107751 135.433 0.817803 0.575396 0.0108311 87.9689 -0.0150584 0.0025808 0.999883 -0.789837
0.571676 -0.82041 0.0106715 135.903 0.820361 0.571766 0.0095662 88.6434 -0.0139498 0.00328572 0.999897 -0.790543
0.567989 -0.823026 0.00414074 136.375 0.822999 0.568004 0.00666526 89.321 -0.00783764 -0.000377973 0.999969 -0.796693
0.565008 -0.825073 -0.00452371 136.838 0.825082 0.564983 0.00579255 90.0014 -0.00222345 -0.00700527 0.999973 -0.803295
0.562721 -0.826615 -0.00720149 137.295 0.826645 0.562714 0.00325176 90.6876 0.00136442 -0.00778291 0.999969 -0.806452
0.560148 -0.828373 -0.00564981 137.755 0.828381 0.56009 0.00917617 91.3713 -0.00443689 -0.00982021 0.999942 -0.802367
0.558343 -0.829606 -0.00260226 138.208 0.829495 0.558211 0.0183834 92.059 -0.0137984 -0.0124228 0.999828 -0.795501
0.555618 -0.831437 0.000869289 138.662 0.831144 0.555449 0.0259874 92.7443 -0.0220897 -0.0137165 0.999662 -0.789058
0.551682 -0.834053 0.00150745 139.116 0.833812 0.551564 0.0231117 93.4321 -0.0201078 -0.0114934 0.999732 -0.790052
0.547382 -0.836863 0.00587256 139.568 0.8368 0.547413 0.010241 94.1236 -0.011785 -0.000691585 0.99993 -0.793654
0.541632 -0.840588 0.00687135 140.019 0.840604 0.541649 0.000862503 94.814 -0.00444687 0.00530893 0.999976 -0.79781
0.53579 -0.84434 0.00444829 140.463 0.844331 0.535806 0.00420362 95.5038 -0.00593271 0.00150357 0.999981 -0.797793
0.52955 -0.848235 0.00854955 140.901 0.848209 0.529609 0.00751002 96.199 -0.0108982 0.00327487 0.999935 -0.793202
0.523255 -0.852052 0.0145616 141.34 0.852032 0.523405 0.00947307 96.8974 -0.0156931 0.0074501 0.999849 -0.787978
0.518324 -0.854876 0.0229665 141.773 0.854995 0.518588 0.00713177 97.6093 -0.0180069 0.0159396 0.999711 -0.7834
0.513127 -0.857875 0.0274054 142.208 0.858105 0.513444 0.00562594 98.3255 -0.0188975 0.0206299 0.999609 -0.781171
0.507927 -0.860954 0.0277283 142.638 0.861294 0.508106 -0.000669478 99.0477 -0.0135125 0.0242223 0.999615 -0.784453
0.50193 -0.86441 0.0293538 143.064 0.864901 0.50177 -0.0131148 99.772 -0.00339231 0.0319708 0.999483 -0.790185
0.495985 -0.867589 0.0358896 143.487 0.86832 0.495346 -0.025535 100.497 0.00437615 0.0438287 0.99903 -0.792492
0.490397 -0.870663 0.0381736 143.906 0.871493 0.490094 -0.0175661 101.219 -0.00341455 0.0418824 0.999117 -0.78686
0.485643 -0.873414 0.0360487 144.317 0.874005 0.485916 -0.00136198 101.948 -0.016327 0.0321681 0.999349 -0.779579
0.481221 -0.875901 0.0349749 144.723 0.876238 0.481785 0.00951652 102.683 -0.0251859 0.0260668 0.999343 -0.774283
0.477763 -0.877812 0.0344637 145.125 0.878172 0.478276 0.00809498 103.425 -0.0235891 0.0263976 0.999373 -0.775516
0.476257 -0.878851 0.0282961 145.527 0.879208 0.476438 -0.000397059 104.178 -0.0131324 0.0250673 0.999599 -0.784597
0.47388 -0.880475 0.0142247 145.931 0.880584 0.473871 -0.00416979 104.928 -0.00306928 0.014502 0.99989 -0.796247
0.472137 -0.881439 0.0122765 146.329 0.881525 0.472084 -0.0071238 105.682 0.000483663 0.0141854 0.999899 -0.799248
0.469747 -0.882586 0.0194716 146.729 0.882796 0.469703 -0.0070466 106.432 -0.00292662 0.0204995 0.999786 -0.79447
0.469338 -0.882696 0.0238591 147.125 0.882938 0.46949 0.000847962 107.183 -0.0119501 0.0206681 0.999715 -0.787064
0.46956 -0.882538 0.0253113 147.519 0.882711 0.46986 0.00724416 107.941 -0.018286 0.018941 0.999653 -0.782426
0.468126 -0.883287 0.0257408 147.918 0.883499 0.4684 0.00557383 108.7 -0.0169803 0.0201327 0.999653 -0.783135
0.466389 -0.884287 0.022757 148.319 0.884529 0.466484 -0.00124629 109.46 -0.00951369 0.0207105 0.99974 -0.789096
0.464611 -0.885132 0.0260385 148.718 0.885513 0.464342 -0.0159308 110.224 0.00201004 0.0304591 0.999534 -0.795295
0.462704 -0.885876 0.0336051 149.116 0.886482 0.462039 -0.0258768 110.982 0.00739677 0.0417636 0.9991 -0.795859
0.461605 -0.886414 0.0345152 149.511 0.88708 0.461121 -0.0213562 111.739 0.00301472 0.0404759 0.999176 -0.79278
0.460379 -0.88705 0.0345552 149.903 0.8877 0.460297 -0.0107404 112.491 -0.00637842 0.0356193 0.999345 -0.786811
0.458797 -0.887845 0.0351577 150.289 0.888458 0.458936 -0.00449937 113.239 -0.0121404 0.0333004 0.999372 -0.782892
0.457983 -0.888263 0.0352033 150.676 0.888922 0.457975 -0.0087762 113.991 -0.00832665 0.0353123 0.999342 -0.785358
0.457978 -0.888393 0.0318442 151.067 0.888962 0.45776 -0.0142294 114.742 -0.00193571 0.0348251 0.999392 -0.790745
0.457759 -0.888723 0.0250508 151.451 0.889076 0.457582 -0.012727 115.492 -0.000152027 0.028098 0.999605 -0.794446
0.45733 -0.888966 0.0242709 151.832 0.889286 0.457288 -0.00757024 116.236 -0.00436912 0.0250459 0.999677 -0.79204
0.45655 -0.889411 0.0225968 152.214 0.889667 0.456598 -0.00328392 116.978 -0.00739691 0.0216029 0.999739 -0.79071
0.456219 -0.889613 0.0212938 152.593 0.889807 0.456336 0.000703552 117.719 -0.010343 0.0186264 0.999773 -0.789281
0.455737 -0.889938 0.0177387 152.969 0.890056 0.455845 0.00240747 118.463 -0.0102286 0.0146912 0.99984 -0.790654
0.455234 -0.890187 0.018143 153.34 0.890336 0.455305 -0.000228081 119.205 -0.00805757 0.0162572 0.999835 -0.791947
0.454371 -0.890709 0.0135814 153.711 0.89081 0.454354 -0.00445955 119.94 -0.00219861 0.0141247 0.999898 -0.797418
0.453265 -0.891295 0.0120439 154.075 0.891375 0.453239 -0.0049002 120.67 -0.00109123 0.0129567 0.999915 -0.798706
0.455777 -0.890018 0.0116535 154.396 0.890094 0.455744 -0.00546741 121.309 -0.000444937 0.0128647 0.999917 -0.799275
0.458461 -0.888643 0.0113016 154.715 0.888715 0.458421 -0.00605514 121.944 0.000199964 0.01282 0.999918 -0.799828
0.461141 -0.887259 0.0109462 155.034 0.887327 0.461094 -0.00664096 122.579 0.000845056 0.0127752 0.999918 -0.80038
0.463816 -0.885868 0.0105873 155.353 0.88593 0.463762 -0.00722455 123.213 0.00148999 0.0127305 0.999918 -0.800932
0.466487 -0.884469 0.0102252 155.672 0.884526 0.466426 -0.00780598 123.848 0.00213487 0.0126858 0.999917 -0.801484
0.469153 -0.883062 0.00985947 155.991 0.883112 0.469086 -0.00838542 124.483 0.00277991 0.0126411 0.999916 -0.802035
0.471815 -0.881646 0.00949037 156.311 0.881691 0.471743 -0.00896273 125.118 0.00342494 0.0125963 0.999915 -0.802587
0.474473 -0.880223 0.00911788 156.63 0.880261 0.474395 -0.00953789 125.753 0.00406999 0.0125516 0.999913 -0.803138
0.477127 -0.878791 0.008742 156.949 0.878822 0.477043 -0.0101109 126.388 0.00471505 0.0125068 0.999911 -0.803689
0.479775 -0.877352 0.00836274 157.268 0.877375 0.479686 -0.0106817 127.023 0.00536011 0.0124621 0.999908 -0.804239
0.482419 -0.875904 0.00798014 157.587 0.87592 0.482326 -0.0112503 127.658 0.00600515 0.0124173 0.999905 -0.80479
0.485058 -0.874449 0.00759425 157.906 0.874456 0.48496 -0.0118166 128.293 0.00665006 0.0123726 0.999901 -0.80534
0.487693 -0.872986 0.00720504 158.225 0.872985 0.48759 -0.0123806 128.927 0.00729495 0.0123278 0.999897 -0.805889
0.490322 -0.871514 0.00681248 158.545 0.871505 0.490216 -0.0129424 129.562 0.00793987 0.012283 0.999893 -0.806439
0.492947 -0.870036 0.0064167 158.864 0.870017 0.492836 -0.0135017 130.197 0.00858461 0.0122383 0.999888 -0.806988
0.495566 -0.86855 0.00601773 159.183 0.868522 0.495452 -0.0140587 130.831 0.00922916 0.0121935 0.999883 -0.807536
0.501595 -0.865079 0.00633562 159.491 0.865058 0.501483 -0.0137447 131.415 0.00871303 0.012375 0.999885 -0.80708
0.506784 -0.861989 0.0119932 159.802 0.862067 0.506681 -0.0107163 131.979 0.00316062 0.0157698 0.999871 -0.801541
0.511937 -0.85876 0.021275 160.117 0.859016 0.511879 -0.00850203 132.537 -0.00358901 0.0226281 0.999738 -0.793872
