0.477284 -0.878556 0.0184031 0.681433 0.878745 0.477243 -0.00686302 0.552625 -0.00275319 0.0194472 0.999807 0.791128
0.876883 0.480574 0.0111484 -25.7388 -0.480518 0.876953 -0.00748512 249.291 -0.0133738 0.00120657 0.99991 0.783134
-0.897892 -0.440058 0.0118092 186.911 0.439911 -0.895946 0.0613182 129.659 -0.0164032 0.0602521 0.998048 0.76415
0.464612 -0.884665 0.0387765 152.803 0.885288 0.465038 0.00226557 292.413 -0.0200368 0.0332758 0.999245 0.765867
