0.487256 -0.871926 0.0482369 -0.701392 0.873237 0.486897 -0.0197188 -0.542464 -0.00629307 0.0517303 0.998641 -0.780649
0.485486 -0.872965 0.0472783 -0.301155 0.87423 0.48508 -0.0204697 0.218715 -0.00506444 0.0512698 0.998672 -0.781805
0.483713 -0.874 0.0463229 0.0990817 0.875218 0.483262 -0.0212246 0.979898 -0.00383581 0.0508092 0.998701 -0.78296
0.482058 -0.874862 0.047299 0.495454 0.876132 0.481577 -0.0218342 1.73803 -0.00367619 0.0519655 0.998642 -0.782682
0.480166 -0.876048 0.0445138 0.899198 0.877177 0.479629 -0.0227389 2.50181 -0.00142977 0.0499649 0.99875 -0.785199
0.47876 -0.876917 0.0424876 1.30382 0.877945 0.47813 -0.0245935 3.27544 0.00125186 0.0490762 0.998794 -0.787676
0.47703 -0.878047 0.0384285 1.71214 0.878881 0.476411 -0.0244978 4.05763 0.00320241 0.0454603 0.998961 -0.790496
0.475787 -0.878766 0.0373612 2.1225 0.879555 0.475207 -0.0236946 4.84724 0.00306773 0.0441348 0.999021 -0.790837
0.474351 -0.879497 0.0384124 2.53376 0.880335 0.473826 -0.0223522 5.64386 0.00145791 0.0444186 0.999012 -0.789434
0.472986 -0.880207 0.0389866 2.9514 0.88107 0.47252 -0.0209823 6.44464 4.68371e-05 0.0442742 0.999019 -0.788336
0.471929 -0.880743 0.0396732 3.36776 0.881636 0.471475 -0.0207024 7.25393 -0.000471429 0.0447474 0.998998 -0.787749
0.470428 -0.881564 0.0392756 3.78999 0.882439 0.469951 -0.0211778 8.06574 0.000211998 0.0446209 0.999004 -0.788342
0.469486 -0.882029 0.0400961 4.21056 0.882939 0.46893 -0.0228879 8.88343 0.00138549 0.046148 0.998934 -0.788763
0.468741 -0.882377 0.0411373 4.63565 0.883336 0.46823 -0.0218628 9.70448 2.95448e-05 0.0465861 0.998914 -0.78751
0.46861 -0.882423 0.0416499 5.06082 0.883397 0.46829 -0.0177324 10.53 -0.00385675 0.045103 0.998975 -0.78486
0.469174 -0.88207 0.0427563 5.48763 0.883073 0.469023 -0.014121 11.3597 -0.00759793 0.0443821 0.998986 -0.782054
0.470355 -0.881335 0.0448878 5.9171 0.882417 0.470308 -0.0122519 12.1956 -0.0103131 0.0453725 0.998917 -0.77949
0.471592 -0.880637 0.0455981 6.35034 0.881742 0.471593 -0.0113917 13.0359 -0.0114718 0.0455781 0.998895 -0.778466
0.472708 -0.880108 0.0442344 6.78853 0.881171 0.472611 -0.0132825 13.8821 -0.00921558 0.0452568 0.998933 -0.78042
0.47367 -0.879757 0.0408049 7.23232 0.880693 0.473372 -0.0172808 14.7356 -0.00411305 0.044122 0.999018 -0.784969
0.474815 -0.879201 0.039453 7.67761 0.880085 0.474365 -0.0206885 15.5927 -0.000525794 0.0445452 0.999007 -0.787735
0.475492 -0.878719 0.0419481 8.12422 0.879719 0.475029 -0.0210462 16.4516 -0.00143282 0.0469099 0.998898 -0.786183
0.475203 -0.878676 0.0459444 8.57328 0.879854 0.474913 -0.0177469 17.3103 -0.00622584 0.0488577 0.998786 -0.781607
0.474341 -0.878874 0.0508071 9.02355 0.880281 0.474194 -0.0156743 18.1734 -0.0103167 0.0521595 0.998585 -0.777113
0.473493 -0.878917 0.0575226 9.47737 0.880738 0.473209 -0.0193203 19.0408 -0.0102393 0.0598103 0.998157 -0.77448
0.472249 -0.879541 0.0582127 9.93543 0.881443 0.471676 -0.0240799 19.9135 -0.0062783 0.0626829 0.998014 -0.77669
0.471033 -0.880366 0.0555339 10.3946 0.882114 0.470229 -0.0275712 20.7915 -0.0018409 0.0619741 0.998076 -0.780552
0.469382 -0.881326 0.0542619 10.8614 0.882995 0.468511 -0.0285733 21.6885 -0.000239853 0.0613248 0.998118 -0.78208
0.46837 -0.881795 0.0553833 11.3441 0.88353 0.467614 -0.0267024 22.6257 -0.00235194 0.0614394 0.998108 -0.780323
0.46733 -0.882421 0.0541713 11.8209 0.884066 0.466819 -0.0225213 23.5504 -0.00541485 0.0584159 0.998278 -0.778903
0.466163 -0.883022 0.0544487 12.2966 0.884675 0.465716 -0.0214 24.4782 -0.00646098 0.0581453 0.998287 -0.778143
0.465182 -0.883513 0.0548641 12.7679 0.885173 0.46487 -0.0191023 25.3955 -0.00862748 0.0574503 0.998311 -0.776618
0.464969 -0.883474 0.0572441 13.2358 0.88524 0.464858 -0.0160441 26.3159 -0.0124358 0.0581348 0.998231 -0.773256
0.464462 -0.884002 0.0530558 13.6991 0.885481 0.464524 -0.0119172 27.2263 -0.0141108 0.052515 0.99852 -0.773854
0.46448 -0.884027 0.0524803 14.1592 0.885464 0.464573 -0.0111501 28.1409 -0.0145239 0.0516484 0.99856 -0.773816
0.464406 -0.884098 0.0519438 14.6174 0.885529 0.464409 -0.0127403 29.0471 -0.0128595 0.0519145 0.998569 -0.77509
0.464657 -0.884158 0.0485616 15.0725 0.885433 0.464553 -0.0140768 29.9511 -0.0101133 0.049539 0.998721 -0.778166
0.463877 -0.884575 0.0484167 15.5272 0.885846 0.463759 -0.0143264 30.8447 -0.00978089 0.0495354 0.998724 -0.778439
0.462676 -0.885061 0.0509718 15.9804 0.886456 0.462604 -0.0139179 31.7348 -0.0112616 0.0516237 0.998603 -0.776499
0.461876 -0.885461 0.0512738 16.4294 0.88686 0.461856 -0.0129618 32.6231 -0.0122039 0.0514595 0.9986 -0.775784
0.461652 -0.885765 0.047925 16.8744 0.887002 0.461572 -0.0133899 33.5087 -0.0102605 0.048691 0.998761 -0.778338
0.461151 -0.886185 0.0448973 17.3166 0.887308 0.46084 -0.0176521 34.3929 -0.00504748 0.0479779 0.998836 -0.782842
0.460744 -0.886444 0.0439574 17.7597 0.887524 0.460391 -0.0184546 35.2722 -0.0038786 0.0475161 0.998863 -0.783953
0.46039 -0.886536 0.0457695 18.2011 0.88769 0.460167 -0.0159133 36.1462 -0.00695394 0.0479554 0.998825 -0.781295
0.460051 -0.886503 0.0496615 18.6373 0.887836 0.459931 -0.014499 37.0162 -0.00998749 0.0507616 0.998661 -0.777843
0.459776 -0.886549 0.0513489 19.0733 0.887967 0.459688 -0.0142096 37.8842 -0.011007 0.0521293 0.99858 -0.776532
0.459676 -0.886467 0.0536068 19.5062 0.888028 0.459502 -0.0162546 38.7475 -0.0102233 0.0550762 0.99843 -0.776143
0.45927 -0.886545 0.0557554 19.9442 0.888256 0.458942 -0.0192973 39.611 -0.00848063 0.0583878 0.998258 -0.776402
0.458221 -0.886976 0.0575087 20.3769 0.888791 0.457902 -0.019378 40.4662 -0.00914551 0.0599926 0.998157 -0.77529
0.457127 -0.887231 0.0620957 20.8083 0.889301 0.457009 -0.0169247 41.3209 -0.0133622 0.0629585 0.997927 -0.770778
0.456443 -0.887276 0.0663372 21.2334 0.889555 0.456644 -0.0129905 42.1758 -0.0187663 0.06494 0.997713 -0.765618
0.45587 -0.887576 0.0662705 21.6556 0.889797 0.456238 -0.010349 43.0273 -0.0210497 0.0636851 0.997748 -0.764183
0.454623 -0.888398 0.0637642 22.081 0.89049 0.454852 -0.0117281 43.8723 -0.0185841 0.0621132 0.997896 -0.766784
0.45357 -0.889287 0.0586656 22.5063 0.891159 0.45333 -0.0181037 44.7089 -0.0104955 0.0604917 0.998114 -0.774015
0.452777 -0.889923 0.0550451 22.926 0.891613 0.452214 -0.0230024 45.5351 -0.00442185 0.0594938 0.998219 -0.77933
0.451576 -0.890779 0.0509092 23.3346 0.892218 0.451162 -0.0200037 46.3499 -0.00514944 0.0544552 0.998503 -0.780518
0.450684 -0.891322 0.0492887 23.7369 0.892649 0.450467 -0.0160583 47.1512 -0.00788977 0.0512347 0.998655 -0.77941
0.449397 -0.892058 0.0476887 24.1317 0.893279 0.449312 -0.0131038 47.9411 -0.0097377 0.0484882 0.998776 -0.778854
0.448313 -0.892631 0.0471756 24.5193 0.893833 0.448188 -0.013787 48.722 -0.00883682 0.0483481 0.998791 -0.779642
0.446834 -0.893416 0.0463341 24.8993 0.894566 0.446763 -0.0124542 49.4895 -0.00957352 0.0470139 0.998848 -0.779503
0.445465 -0.89414 0.045538 25.2728 0.895241 0.445439 -0.011288 50.2457 -0.0101913 0.0457959 0.998899 -0.779419
0.443999 -0.894838 0.0461467 25.6395 0.895958 0.444015 -0.0104684 50.9902 -0.0111223 0.0459935 0.99888 -0.778591
0.442675 -0.895452 0.0469476 26.0004 0.896605 0.442716 -0.0100692 51.7251 -0.011768 0.0465508 0.998847 -0.777872
0.441352 -0.896151 0.0460699 26.3536 0.897225 0.441517 -0.007083 52.4452 -0.0139932 0.0444612 0.998913 -0.776766
0.44017 -0.896701 0.0466611 26.6992 0.897725 0.44055 -0.00234265 53.156 -0.0184559 0.04292 0.998908 -0.773621
0.438433 -0.897611 0.0455042 27.0442 0.898531 0.438909 0.000528615 53.8507 -0.0204467 0.0406552 0.998964 -0.77275
0.437091 -0.898475 0.0411597 27.3762 0.899255 0.437424 -0.00100717 54.5345 -0.0170993 0.0374533 0.999152 -0.7766
0.436103 -0.899142 0.0368357 27.7001 0.899844 0.436156 -0.00701399 55.2056 -0.00975954 0.0362052 0.999297 -0.783052
0.434839 -0.899829 0.0349554 28.012 0.900499 0.434683 -0.0123373 55.8582 -0.00409307 0.036842 0.999313 -0.787465
0.434421 -0.900097 0.033219 28.3135 0.900708 0.434193 -0.0141707 56.4932 -0.00166841 0.0360767 0.999348 -0.789696
0.433692 -0.900469 0.0326679 28.6029 0.901049 0.433593 -0.0104249 57.1031 -0.00477731 0.0339565 0.999412 -0.787882
0.432488 -0.901024 0.0333088 28.8848 0.901604 0.432503 -0.00712326 57.6925 -0.00798791 0.0331121 0.99942 -0.785548
0.431348 -0.901525 0.0345311 29.1595 0.90217 0.431249 -0.0106288 58.2688 -0.00530934 0.0357376 0.999347 -0.786857
0.431358 -0.901331 0.0391499 29.4251 0.902181 0.430977 -0.0181541 58.8322 -0.000509864 0.0431512 0.999068 -0.78825
0.432266 -0.900844 0.0403218 29.6828 0.901732 0.431576 -0.0249372 59.3803 0.00506262 0.047139 0.998875 -0.79139
0.434802 -0.899694 0.0387128 29.9319 0.900507 0.434109 -0.0252235 59.9128 0.00588784 0.0458284 0.998932 -0.79251
0.438171 -0.898209 0.0350222 30.1757 0.898888 0.437718 -0.0200962 60.4287 0.00272076 0.0402866 0.999184 -0.79185
0.442189 -0.896136 0.0375335 30.4129 0.896922 0.441826 -0.0179253 60.9308 -0.000519795 0.041591 0.999135 -0.788785
0.446771 -0.893601 0.0432836 30.6504 0.894637 0.446489 -0.0165159 61.4177 -0.00456702 0.0461019 0.998926 -0.783955
0.453675 -0.889826 0.0488745 30.8805 0.891122 0.453523 -0.0147853 61.8951 -0.00900941 0.0502608 0.998695 -0.778895
0.462783 -0.88525 0.0465246 31.1092 0.886426 0.462655 -0.014144 62.363 -0.00900383 0.0477863 0.998817 -0.779759
0.475609 -0.878689 0.0412416 31.3283 0.879611 0.47554 -0.0120875 62.8262 -0.00899085 0.0420255 0.999076 -0.781749
0.491218 -0.870255 0.0368944 31.5475 0.870979 0.491232 -0.00930681 63.2755 -0.0100244 0.0367059 0.999276 -0.782707
0.509619 -0.859577 0.0376426 31.7677 0.86033 0.509649 -0.0094966 63.7109 -0.0110215 0.0372247 0.999246 -0.781718
0.531303 -0.8462 0.0407729 31.9895 0.847087 0.531348 -0.0106246 64.1336 -0.0126741 0.040183 0.999112 -0.779365
0.555347 -0.830535 0.042439 32.2174 0.831484 0.555452 -0.0103625 64.5456 -0.0149664 0.0410421 0.999045 -0.777191
0.5818 -0.812188 0.0431309 32.4521 0.813147 0.581981 -0.00951697 64.9499 -0.0173718 0.0406087 0.999024 -0.775359
0.611125 -0.79036 0.0431015 32.6965 0.791304 0.611354 -0.00918083 65.3452 -0.0190941 0.039717 0.999029 -0.774242
0.642896 -0.764782 0.0423398 32.9497 0.76569 0.643141 -0.00935883 65.7335 -0.020073 0.0384359 0.999059 -0.773869
0.676468 -0.735278 0.0419187 33.2139 0.736167 0.67673 -0.00975217 66.1078 -0.0211971 0.0374562 0.999073 -0.773271
0.711596 -0.701519 0.0387515 33.4916 0.702286 0.711826 -0.00990142 66.4662 -0.0206383 0.0342604 0.9992 -0.774807
0.748286 -0.662411 0.0357679 33.7811 0.663102 0.748439 -0.0116065 66.8122 -0.0190818 0.0324028 0.999293 -0.776715
0.785228 -0.61829 0.0336827 34.0823 0.618937 0.785329 -0.0132425 67.1399 -0.0182643 0.0312458 0.999345 -0.777775
0.821139 -0.569871 0.0312704 34.3968 0.570459 0.821201 -0.0143161 67.4468 -0.017521 0.029594 0.999408 -0.778935
0.855392 -0.517184 0.0287117 34.7243 0.517722 0.855403 -0.0158249 67.7333 -0.0163757 0.0284012 0.999462 -0.780273
0.887018 -0.460924 0.0273396 35.0654 0.461478 0.886942 -0.0192576 67.9959 -0.0153723 0.0296984 0.999441 -0.78067
0.91482 -0.40304 0.0257408 35.4177 0.403574 0.914716 -0.0205798 68.2324 -0.015251 0.0292152 0.999457 -0.780929
0.938646 -0.3439 0.0260242 35.7807 0.344451 0.938572 -0.0208778 68.444 -0.0172457 0.028561 0.999443 -0.779501
0.958446 -0.284036 0.0265466 36.1582 0.284565 0.958472 -0.0187994 68.6276 -0.0201044 0.0255724 0.999471 -0.778122
0.974257 -0.223891 0.0263998 36.5443 0.224414 0.974312 -0.0188431 68.7876 -0.0215028 0.0242825 0.999474 -0.777385
0.986105 -0.16428 0.0246969 36.9427 0.164822 0.986082 -0.021809 68.9184 -0.0207704 0.0255766 0.999457 -0.777565
0.994032 -0.106565 0.0233405 37.3429 0.107193 0.993856 -0.0275529 69.0248 -0.0202609 0.0298904 0.999348 -0.776564
0.998461 -0.0512723 0.0211621 37.7467 0.0518147 0.99832 -0.0259309 69.1015 -0.019797 0.0269875 0.99944 -0.777902
0.99981 0.00287339 0.0192796 38.1566 -0.00246717 0.999775 -0.0210606 69.1571 -0.0193358 0.021009 0.999592 -0.780231
0.998426 0.0534839 0.0168961 38.5694 -0.0531615 0.998405 -0.0189894 69.1893 -0.0178848 0.0180612 0.999677 -0.782378
0.994922 0.0995753 0.0146521 38.9766 -0.099197 0.994763 -0.0246105 69.1971 -0.017026 0.0230321 0.99959 -0.781474
0.989795 0.141807 0.0140391 39.3842 -0.141175 0.989224 -0.0388124 69.1837 -0.0193917 0.0364344 0.999148 -0.775083
0.983772 0.17885 0.0143375 39.7865 -0.17806 0.983007 -0.0446277 69.1459 -0.0220756 0.0413506 0.998901 -0.771196
0.977159 0.212205 0.0113329 40.1963 -0.211578 0.976482 -0.0414455 69.0943 -0.0198614 0.0381011 0.999077 -0.774126
0.969958 0.243105 0.00899179 40.6072 -0.242754 0.969644 -0.0293277 69.0275 -0.0158485 0.0262639 0.999529 -0.781373
0.962445 0.271384 0.00710183 41.017 -0.271177 0.962282 -0.0217971 68.9458 -0.0127494 0.0190527 0.999737 -0.786262
0.955103 0.296243 0.00433365 41.4294 -0.296087 0.954916 -0.0216274 68.8458 -0.0105453 0.0193733 0.999757 -0.787962
0.947717 0.319111 0.000200585 41.843 -0.318998 0.947396 -0.0260876 68.7311 -0.00851487 0.0246596 0.99966 -0.787902
0.940988 0.338293 -0.0099939 42.2678 -0.338438 0.940468 -0.0313039 68.5953 -0.00119096 0.0328389 0.99946 -0.791163
0.934097 0.356527 -0.0187359 42.6992 -0.356953 0.933646 -0.0298405 68.4491 0.00685371 0.0345618 0.999379 -0.797085
0.927563 0.373162 -0.0194024 43.1345 -0.373579 0.927218 -0.0265505 68.2916 0.00808262 0.0318755 0.999459 -0.798965
0.921666 0.387748 -0.0135431 43.5721 -0.387976 0.921322 -0.025317 68.1207 0.00266094 0.0285882 0.999588 -0.795678
0.915863 0.401359 -0.0103255 44.0149 -0.40149 0.915483 -0.0264063 67.9357 -0.00114559 0.0283301 0.999598 -0.792676
0.910301 0.41384 -0.00935494 44.4658 -0.413932 0.90985 -0.0288562 67.738 -0.00343025 0.0301401 0.99954 -0.790216
0.905277 0.424693 -0.0104738 44.9246 -0.424801 0.904713 -0.0322341 67.5264 -0.00421382 0.0336301 0.999425 -0.788412
0.90074 0.434173 -0.0126964 45.395 -0.434343 0.900082 -0.034616 67.3011 -0.00360156 0.0366946 0.99932 -0.787877
0.896942 0.441911 -0.0144913 45.8756 -0.442139 0.896223 -0.0360318 67.0631 -0.00293539 0.0387257 0.999246 -0.787729
0.894224 0.447346 -0.015669 46.3664 -0.447613 0.893451 -0.0372554 66.8117 -0.00266662 0.0403283 0.999183 -0.787398
0.891582 0.452524 -0.0174381 46.8716 -0.452857 0.890778 -0.0378809 66.551 -0.00160847 0.0416709 0.99913 -0.787795
0.888682 0.458148 -0.0185726 47.3939 -0.458523 0.887889 -0.0375314 66.2789 -0.000704518 0.0418695 0.999123 -0.788455
0.886509 0.462289 -0.019793 47.9309 -0.462712 0.88563 -0.0394511 65.9949 -0.000708473 0.0441322 0.999025 -0.787673
0.884843 0.465436 -0.0205434 48.4748 -0.465888 0.883896 -0.0409283 65.6951 -0.000891218 0.045786 0.998951 -0.786951
0.883202 0.468531 -0.0207922 49.036 -0.468991 0.882208 -0.0419095 65.3863 -0.00129283 0.0467659 0.998905 -0.786281
0.881697 0.471346 -0.0210695 49.609 -0.471813 0.880628 -0.0434412 65.0639 -0.00192139 0.0482428 0.998834 -0.785254
0.880979 0.472595 -0.023027 50.1955 -0.473151 0.879704 -0.0474312 64.7339 -0.00215881 0.0526811 0.998609 -0.783512
0.881029 0.472416 -0.0247052 50.791 -0.473055 0.879556 -0.0509832 64.3906 -0.00235567 0.0566046 0.998394 -0.781968
0.881805 0.47092 -0.0255704 51.4031 -0.471608 0.880221 -0.0528827 64.0395 -0.0023959 0.0586914 0.998273 -0.781191
0.883242 0.468139 -0.026996 52.0303 -0.468913 0.881531 -0.0549967 63.6826 -0.00194832 0.0612342 0.998122 -0.780644
0.884978 0.464837 -0.0272256 52.6715 -0.465629 0.88321 -0.05594 63.3166 -0.00195706 0.0621827 0.998063 -0.780292
0.886737 0.461522 -0.0263509 53.3305 -0.462261 0.88484 -0.0580813 62.9515 -0.00348949 0.0636839 0.997964 -0.778502
0.888532 0.458131 -0.0250437 54.0033 -0.45879 0.886585 -0.0589874 62.5819 -0.00482057 0.063902 0.997945 -0.777334
0.890399 0.454662 -0.0217344 54.6923 -0.455128 0.888551 -0.0577641 62.2086 -0.00695102 0.061325 0.998094 -0.776511
0.892223 0.45115 -0.0200719 55.39 -0.451524 0.890406 -0.0574727 61.8353 -0.00805665 0.0603414 0.998145 -0.775951
0.89402 0.447599 -0.0195872 56.0996 -0.44797 0.892349 -0.0551001 61.46 -0.00718413 0.058035 0.998289 -0.777474
0.895522 0.444506 -0.0213306 56.8175 -0.444999 0.894023 -0.051948 61.086 -0.00402119 0.0560127 0.998422 -0.780759
0.896141 0.443115 -0.0240958 57.5459 -0.443766 0.895035 -0.0445313 60.7107 0.00183412 0.0505992 0.998717 -0.787398
0.895989 0.443345 -0.025461 58.2771 -0.444051 0.895069 -0.0408761 60.3366 0.0046671 0.0479305 0.99884 -0.790605
0.896023 0.443331 -0.0245009 59.0073 -0.443981 0.895203 -0.0386304 59.9625 0.00480726 0.0454917 0.998953 -0.791552
0.896003 0.443566 -0.0206901 59.7353 -0.444044 0.895231 -0.0372409 59.5899 0.00200359 0.0425552 0.999092 -0.790286
0.895933 0.443715 -0.0205107 60.4646 -0.444187 0.89512 -0.0381909 59.2172 0.00141369 0.0433271 0.99906 -0.789538
0.896019 0.443631 -0.018473 61.1912 -0.444016 0.895259 -0.0368831 58.8413 0.00017558 0.0412503 0.999149 -0.789237
0.895879 0.443949 -0.0175886 61.9179 -0.444297 0.895178 -0.0354378 58.4645 1.23212e-05 0.0395625 0.999217 -0.789672
0.895914 0.4439 -0.0170687 62.6437 -0.444228 0.895311 -0.0328648 58.0907 0.000693075 0.0370264 0.999314 -0.791074
0.895385 0.44498 -0.0166971 63.37 -0.445289 0.894894 -0.0296906 57.7174 0.00173042 0.0340195 0.99942 -0.792917
0.89417 0.447465 -0.0153122 64.0964 -0.447725 0.893761 -0.0270831 57.347 0.00156672 0.0310725 0.999516 -0.79376
0.892456 0.45095 -0.0129044 64.8206 -0.451134 0.892101 -0.0251861 56.9754 0.000154288 0.0282991 0.999599 -0.793528
0.890257 0.455356 -0.00965795 65.5442 -0.455452 0.889929 -0.0242825 56.6034 -0.00246228 0.0260164 0.999658 -0.79215
0.887362 0.461026 -0.00659421 66.2658 -0.461047 0.887069 -0.0233332 56.2268 -0.00490766 0.0237452 0.999706 -0.790898
0.883907 0.467622 -0.00613246 66.9852 -0.467634 0.883633 -0.0225942 55.8462 -0.0051467 0.0228389 0.999726 -0.790993
0.879798 0.4753 -0.00676372 67.6997 -0.475329 0.87955 -0.0212999 55.4629 -0.00417479 0.0219546 0.99975 -0.792066
0.874947 0.484156 -0.00775979 68.41 -0.484206 0.8747 -0.0210641 55.0725 -0.00341084 0.0221873 0.999748 -0.792607
0.869927 0.49312 -0.0077 69.1121 -0.493163 0.869658 -0.0220492 54.6799 -0.00417652 0.0229785 0.999727 -0.791721
0.864539 0.502528 -0.00605519 69.8047 -0.502533 0.864287 -0.0216365 54.2829 -0.00563954 0.0217486 0.999748 -0.790924
0.858859 0.512176 -0.00605883 70.4944 -0.512172 0.858585 -0.0226316 53.8787 -0.00638935 0.0225405 0.999726 -0.79005
0.853093 0.521721 -0.00630844 71.175 -0.521719 0.852816 -0.0226509 53.4678 -0.00643752 0.0226146 0.999723 -0.789981
0.847244 0.531158 -0.00699735 71.8468 -0.531173 0.846976 -0.0220824 53.0532 -0.00580265 0.0224259 0.999732 -0.790555
0.841463 0.540258 -0.00784006 72.5111 -0.540295 0.841216 -0.0209053 52.6327 -0.0046991 0.021827 0.999751 -0.791644
0.8358 0.548957 -0.00914621 73.1647 -0.549021 0.835554 -0.0206241 52.2096 -0.00367963 0.0222591 0.999745 -0.792329
0.83047 0.556969 -0.0102527 73.8059 -0.557056 0.830219 -0.0206192 51.7833 -0.00297221 0.0228349 0.999735 -0.792712
0.825038 0.564969 -0.0110119 74.4359 -0.565071 0.824785 -0.0205986 51.3536 -0.00255516 0.0232172 0.999727 -0.792922
0.8196 0.572821 -0.0114467 75.0565 -0.57293 0.819342 -0.0207364 50.9242 -0.00249949 0.0235538 0.999719 -0.792853
0.81454 0.579983 -0.0120029 75.6648 -0.5801 0.814255 -0.0217224 50.4921 -0.00282521 0.0246567 0.999692 -0.792224
0.810108 0.586162 -0.0118226 76.2612 -0.586266 0.809777 -0.0235275 50.0593 -0.0042172 0.025991 0.999653 -0.79065
0.806892 0.590575 -0.0120988 76.8438 -0.590669 0.806475 -0.0266358 49.6281 -0.00597303 0.0286386 0.999572 -0.788344
0.804427 0.593925 -0.0122685 77.4188 -0.593997 0.803901 -0.0301643 49.197 -0.00805272 0.0315525 0.99947 -0.785678
0.802629 0.596354 -0.0122016 77.9828 -0.596402 0.802031 -0.0324283 48.7697 -0.00955267 0.0333049 0.9994 -0.783864
0.801526 0.597842 -0.0118988 78.5318 -0.597871 0.800903 -0.0332235 48.3495 -0.0103327 0.0337434 0.999377 -0.783075
0.800879 0.598703 -0.0121632 79.071 -0.598738 0.800243 -0.0335299 47.9349 -0.0103409 0.0341359 0.999364 -0.782933
0.801226 0.598207 -0.0136052 79.5944 -0.59829 0.800569 -0.0337308 47.5287 -0.00928615 0.0351659 0.999338 -0.783448
0.802855 0.595981 -0.0151747 80.1022 -0.596119 0.802174 -0.0340506 47.1332 -0.00812079 0.0363836 0.999305 -0.783988
0.805691 0.592124 -0.0158731 80.5955 -0.592292 0.805013 -0.0338303 46.7503 -0.00725373 0.0366583 0.999302 -0.784601
0.810142 0.586018 -0.0158795 81.072 -0.586196 0.809489 -0.0331889 46.383 -0.00659495 0.0361962 0.999323 -0.785291
0.816361 0.577333 -0.0155244 81.5326 -0.577509 0.815735 -0.0325445 46.0288 -0.00612526 0.0355335 0.99935 -0.785893
0.823975 0.56642 -0.0152718 81.9771 -0.566596 0.823353 -0.0325355 45.6914 -0.00585469 0.0354614 0.999354 -0.786135
0.833278 0.552634 -0.0155937 82.4091 -0.552837 0.832699 -0.0313775 45.3729 -0.00435542 0.034767 0.999386 -0.787587
0.84438 0.535478 -0.0169291 82.8382 -0.535743 0.843864 -0.0295331 45.0667 -0.00152846 0.0340068 0.99942 -0.790137
0.856875 0.515193 -0.0184877 83.2642 -0.515521 0.856446 -0.0271655 44.7712 0.00183824 0.0328083 0.99946 -0.793264
0.870856 0.491175 -0.0188901 83.688 -0.491524 0.870484 -0.0257184 44.4845 0.00381129 0.0316819 0.999491 -0.795231
0.886279 0.462809 -0.0178027 84.1106 -0.463135 0.885921 -0.0254948 44.2097 0.00397255 0.0308405 0.999516 -0.795639
0.90288 0.429628 -0.0150792 84.5314 -0.429887 0.902479 -0.0269882 43.9489 0.00201382 0.0308494 0.999522 -0.794051
0.919968 0.391848 -0.0106766 84.9532 -0.391992 0.919534 -0.0282727 43.7046 -0.00126111 0.0301951 0.999543 -0.791613
0.936545 0.350517 -0.00465463 85.3754 -0.3505 0.93611 -0.0291165 43.479 -0.0058486 0.0289004 0.999565 -0.788309
0.952346 0.305019 0.0012537 85.8041 -0.304865 0.951982 -0.0280472 43.266 -0.00974842 0.0263284 0.999606 -0.785969
0.9669 0.2551 0.00532389 86.235 -0.254877 0.96661 -0.0265179 43.0799 -0.0119108 0.0242833 0.999634 -0.784866
0.97965 0.200583 0.00720196 86.6652 -0.200329 0.979368 -0.0265892 42.914 -0.0123867 0.0246053 0.99962 -0.784369
0.99001 0.140847 0.00646181 87.0963 -0.140593 0.989609 -0.0301143 42.7698 -0.0106362 0.028905 0.999526 -0.784391
0.997057 0.0765732 0.00361499 87.5266 -0.0764184 0.996558 -0.0321264 42.6494 -0.00606257 0.0317556 0.999477 -0.787184
0.999951 0.00994876 -0.000300618 87.9595 -0.00995317 0.999326 -0.035334 42.5571 -5.11145e-05 0.0353353 0.999376 -0.790875
0.998318 -0.0579254 -0.00252602 88.3908 0.0578061 0.997746 -0.0340673 42.4931 0.00449369 0.033864 0.999416 -0.795044
0.992036 -0.125895 -0.00380406 88.8215 0.125704 0.991524 -0.032842 42.4598 0.00790646 0.0321023 0.999453 -0.798381
0.981082 -0.193552 -0.00402015 89.2509 0.193307 0.98055 -0.0339754 42.4566 0.010518 0.0325556 0.999415 -0.800328
0.965746 -0.259484 -0.00140068 89.6757 0.259269 0.96514 -0.0358503 42.483 0.0106545 0.0342592 0.999356 -0.799869
0.946151 -0.32369 0.00477633 90.0927 0.323652 0.945521 -0.0352038 42.537 0.006879 0.034854 0.999369 -0.796637
0.92232 -0.386208 0.0130011 90.5009 0.386426 0.921717 -0.0333627 42.6206 0.000901624 0.0357951 0.999359 -0.791497
0.895236 -0.44516 0.0196124 90.9041 0.445573 0.894732 -0.0303168 42.7378 -0.00405207 0.0358795 0.999348 -0.787448
0.865909 -0.499485 0.0267677 91.3023 0.500106 0.865552 -0.0267272 42.8843 -0.00981895 0.03653 0.999284 -0.782525
0.83598 -0.547869 0.0312656 91.696 0.548568 0.835838 -0.0211868 43.0629 -0.0145254 0.0348631 0.999287 -0.779226
0.807098 -0.589491 0.0330792 92.0819 0.590181 0.807094 -0.0168938 43.2748 -0.0167393 0.0331576 0.99931 -0.777976
0.780666 -0.624142 0.0317417 92.4628 0.62466 0.780842 -0.00927016 43.521 -0.0189993 0.0270647 0.999453 -0.778132
0.756854 -0.652961 0.028535 92.8349 0.653363 0.757012 -0.00705537 43.7927 -0.0169944 0.0239836 0.999568 -0.780798
0.735034 -0.677497 0.0268727 93.204 0.677847 0.735179 -0.00594067 44.0829 -0.0157314 0.0225822 0.999621 -0.782297
0.718509 -0.694823 0.0310738 93.5641 0.695354 0.718592 -0.0104256 44.3956 -0.0150855 0.0290982 0.999463 -0.780695
0.706971 -0.706428 0.0339274 93.9196 0.707073 0.707039 -0.0120184 44.7258 -0.0154979 0.0324858 0.999352 -0.779235
0.697564 -0.715836 0.0313576 94.279 0.716368 0.697655 -0.00977392 45.0709 -0.0148803 0.0292815 0.99946 -0.780809
0.690386 -0.722915 0.027586 94.6419 0.723287 0.690525 -0.00567985 45.432 -0.0149427 0.0238738 0.999603 -0.782537
0.685754 -0.727506 0.0218294 95.0073 0.727706 0.685887 -0.00181655 45.8066 -0.013651 0.0171311 0.99976 -0.785783
0.683596 -0.729701 0.0152705 95.3798 0.729793 0.683667 -0.000731672 46.197 -0.00990606 0.0116445 0.999883 -0.790605
0.682914 -0.73039 0.0126452 95.7561 0.730458 0.682956 -0.0012198 46.5955 -0.0077452 0.0100698 0.999919 -0.792873
0.684501 -0.728918 0.0116872 96.1391 0.728995 0.684507 -0.00411668 47.006 -0.00499923 0.0113377 0.999923 -0.794716
0.687584 -0.726045 0.00936558 96.5335 0.726103 0.687491 -0.0114086 47.4295 0.00184439 0.0146447 0.999891 -0.799226
0.690647 -0.723161 0.00674312 96.9342 0.723158 0.690491 -0.016268 47.8575 0.00710829 0.0161118 0.999845 -0.803009
0.693806 -0.720153 0.00348233 97.3456 0.720132 0.693725 -0.0124731 48.2919 0.00656673 0.0111616 0.999916 -0.804151
0.697894 -0.716196 0.0028693 97.7615 0.716196 0.697868 -0.00654233 48.7347 0.0026832 0.00662084 0.999974 -0.802448
0.701472 -0.712661 0.00708963 98.1901 0.712694 0.701461 -0.00438206 49.181 -0.00185018 0.00812664 0.999965 -0.798308
0.704191 -0.709885 0.0133658 98.6295 0.709968 0.704229 -0.00238452 49.6295 -0.00771988 0.0111685 0.999908 -0.792575
0.706688 -0.707298 0.0179362 99.0791 0.707413 0.7068 -9.06419e-05 50.0855 -0.0126132 0.0127524 0.999839 -0.788071
0.708999 -0.704873 0.0217757 99.5369 0.705071 0.709133 -0.00209612 50.5515 -0.0139644 0.0168396 0.999761 -0.785663
0.709454 -0.704377 0.0229716 100.008 0.704661 0.709509 -0.00707137 51.0201 -0.0113177 0.021204 0.999711 -0.786433
0.709312 -0.704594 0.020604 100.489 0.704874 0.709212 -0.0130563 51.4966 -0.00541327 0.0237842 0.999702 -0.790424
0.708891 -0.705152 0.0153222 100.977 0.705314 0.70864 -0.0190037 51.9835 0.00254257 0.0242785 0.999702 -0.796726
0.70722 -0.706918 0.0103293 101.475 0.706958 0.706964 -0.0203084 52.4745 0.00705392 0.0216649 0.99974 -0.801221
0.705424 -0.708664 0.0131101 101.975 0.708777 0.705207 -0.0178163 52.9716 0.00338048 0.0218602 0.999755 -0.798201
0.704184 -0.709733 0.0201078 102.482 0.710007 0.704045 -0.0145014 53.4793 -0.00386465 0.0244883 0.999693 -0.791477
0.70233 -0.711453 0.0238044 102.998 0.711771 0.702361 -0.00842894 53.9923 -0.0107225 0.0228632 0.999681 -0.786414
0.700944 -0.712892 0.0214983 103.519 0.713139 0.700994 -0.00641425 54.52 -0.0104975 0.0198273 0.999748 -0.787588
0.699562 -0.714419 0.0148105 104.049 0.714548 0.699558 -0.00629037 55.0597 -0.00586684 0.0149833 0.99987 -0.792933
0.696953 -0.717032 0.0110269 104.587 0.717117 0.69688 -0.0100879 55.6057 -0.000451127 0.0149384 0.999888 -0.797357
0.693974 -0.719933 0.00982481 105.13 0.719994 0.693847 -0.0135693 56.1606 0.00295206 0.0164905 0.99986 -0.799622
0.691222 -0.72254 0.0121354 105.676 0.722641 0.691088 -0.0136884 56.7233 0.00150382 0.0182312 0.999833 -0.797899
0.688609 -0.724954 0.0161012 106.226 0.725132 0.688437 -0.0154064 57.2947 8.4286e-05 0.0222845 0.999752 -0.795445
0.687198 -0.726226 0.0188212 106.784 0.726465 0.687063 -0.0139344 57.8765 -0.00281182 0.0232486 0.999726 -0.792788
0.686054 -0.727202 0.0225329 107.35 0.727531 0.685937 -0.0137663 58.4768 -0.00544521 0.0258378 0.999651 -0.789806
0.685564 -0.727505 0.0271902 107.918 0.727981 0.685404 -0.0162782 59.0811 -0.00679376 0.0309537 0.999498 -0.787027
0.68509 -0.727941 0.0274485 108.494 0.728413 0.684981 -0.0146853 59.6899 -0.00811164 0.0300546 0.999515 -0.786256
0.685423 -0.727777 0.023155 109.07 0.728117 0.68533 -0.0130141 60.304 -0.00639744 0.0257797 0.999647 -0.789072
0.685851 -0.727544 0.0169825 109.652 0.727735 0.68576 -0.0115981 60.9232 -0.00320781 0.0203134 0.999789 -0.793457
0.686371 -0.727177 0.0104586 110.238 0.72725 0.686332 -0.00750942 61.5417 -0.00171737 0.0127602 0.999917 -0.797096
0.688206 -0.725496 0.005416 110.824 0.725512 0.688207 -0.00194589 62.1681 -0.0023156 0.00526855 0.999983 -0.798973
0.690577 -0.723245 0.00446198 111.41 0.723241 0.69059 0.00274349 62.7956 -0.00506562 0.0013325 0.999986 -0.797963
0.692382 -0.721521 0.00379957 112.004 0.721517 0.692392 0.00259835 63.4232 -0.00450556 0.000942403 0.999989 -0.798548
0.693881 -0.720087 0.00212808 112.602 0.720089 0.693882 -0.000241085 64.0557 -0.00130304 0.00169969 0.999998 -0.800927
0.694632 -0.719322 0.00786437 113.204 0.719362 0.694621 -0.00450125 64.6961 -0.0022249 0.00878404 0.999959 -0.797982
0.694963 -0.718934 0.0126905 113.808 0.719043 0.694902 -0.00940495 65.3299 -0.00205711 0.0156611 0.999875 -0.795948
0.696031 -0.717876 0.0139127 114.41 0.718008 0.695954 -0.0106057 65.9618 -0.00206905 0.0173713 0.999847 -0.7954
0.69677 -0.717185 0.0124996 115.013 0.717284 0.696748 -0.00677136 66.5915 -0.00385277 0.0136839 0.999899 -0.795137
0.697434 -0.71651 0.0141203 115.613 0.716593 0.697491 -0.00118461 67.2188 -0.00900002 0.0109447 0.9999 -0.791816
0.698126 -0.715824 0.0147356 116.214 0.715817 0.698256 0.00666172 67.8381 -0.0150578 0.00589726 0.999869 -0.788441
0.699033 -0.714989 0.0119872 116.813 0.71503 0.699093 0.00120703 68.4507 -0.00924316 0.00772744 0.999927 -0.792648
0.699367 -0.714726 0.00723416 117.418 0.714751 0.699261 -0.0128605 69.0604 0.0041332 0.0141649 0.999891 -0.801494
0.699073 -0.715038 0.00425493 118.023 0.714889 0.698775 -0.0254298 69.6657 0.01521 0.0208191 0.999668 -0.808259
0.698477 -0.715581 0.00858147 118.621 0.715569 0.698206 -0.021655 70.2628 0.00950426 0.0212661 0.999729 -0.803556
0.697582 -0.716093 0.0243055 119.21 0.716403 0.697653 -0.00679068 70.8548 -0.0120941 0.0221496 0.999681 -0.78575
0.69641 -0.716738 0.0360447 119.799 0.717021 0.69702 0.00665489 71.4455 -0.0298937 0.0212103 0.999328 -0.771337
0.696022 -0.717315 0.0318154 120.393 0.717579 0.696464 0.00421453 72.0414 -0.0251814 0.0198966 0.999485 -0.775696
0.695344 -0.718456 0.0178425 120.991 0.718615 0.695397 -0.00402016 72.6363 -0.00951932 0.0156173 0.999833 -0.789994
0.694564 -0.719327 0.0122598 121.583 0.719431 0.694471 -0.0113487 73.2284 -0.000350615 0.0167025 0.99986 -0.797124
0.69323 -0.720577 0.0141673 122.17 0.720716 0.69306 -0.0154124 73.8174 0.00128699 0.0208949 0.999781 -0.79711
0.691278 -0.722404 0.0163671 122.747 0.722586 0.691164 -0.0126911 74.408 -0.00214423 0.0205997 0.999785 -0.794434
0.688727 -0.724846 0.0158989 123.32 0.725021 0.688577 -0.0143967 74.9994 -0.000512237 0.0214424 0.99977 -0.795496
0.685203 -0.728209 0.0144464 123.891 0.72835 0.685016 -0.0161055 75.586 0.00183219 0.0215576 0.999766 -0.797367
0.682838 -0.730477 0.0116523 124.454 0.730569 0.682732 -0.0120479 76.1748 0.000845306 0.0167396 0.99986 -0.798133
0.681164 -0.732106 0.00597701 125.019 0.732126 0.681107 -0.00923311 76.7672 0.00268863 0.0106652 0.99994 -0.801567
0.679785 -0.73339 0.00566232 125.579 0.733411 0.679761 -0.00564847 77.3592 0.000293504 0.00799255 0.999968 -0.800479
0.678745 -0.734312 0.00955699 126.136 0.734361 0.678753 -0.0028671 77.9501 -0.00438149 0.00896432 0.99995 -0.796388
0.677787 -0.735179 0.0108313 126.693 0.735242 0.677798 -0.00319479 78.5422 -0.00499271 0.010129 0.999936 -0.795535
0.675919 -0.736903 0.0103575 127.247 0.736975 0.675878 -0.00757371 79.1393 -0.00141931 0.0127524 0.999918 -0.797621
0.67263 -0.739877 0.0122389 127.796 0.739977 0.672505 -0.0130721 79.728 0.00144101 0.0178491 0.99984 -0.798323
0.667804 -0.744209 0.0138126 128.344 0.744329 0.667595 -0.0170605 80.3236 0.00347537 0.0216742 0.999759 -0.798744
0.662767 -0.748632 0.0170242 128.884 0.748825 0.66262 -0.014009 80.9208 -0.000792993 0.0220328 0.999757 -0.795184
0.658074 -0.752592 0.0233195 129.418 0.752892 0.6581 -0.00759115 81.5187 -0.00963351 0.0225526 0.999699 -0.787824
0.654757 -0.755189 0.0313371 129.94 0.755615 0.655011 -0.00277066 82.1269 -0.0184338 0.0254929 0.999505 -0.779643
0.651582 -0.758048 0.0283503 130.464 0.758247 0.651947 0.00518789 82.7337 -0.0224156 0.0181162 0.999585 -0.778756
0.648257 -0.761066 0.0232722 130.986 0.761216 0.648489 0.00341783 83.3494 -0.017693 0.0154996 0.999723 -0.783511
0.643014 -0.765648 0.0177858 131.512 0.765818 0.643038 -0.00511065 83.9638 -0.00752399 0.0169069 0.999829 -0.791417
0.638001 -0.769857 0.0166 132.033 0.770035 0.637877 -0.0126267 84.5855 -0.000867971 0.0208385 0.999782 -0.79558
0.632857 -0.774059 0.01802 132.552 0.774268 0.632717 -0.0133518 85.2089 -0.00106648 0.0224021 0.999748 -0.794924
0.626805 -0.779033 0.0149329 133.07 0.779161 0.626798 -0.0057488 85.8334 -0.00488138 0.0152385 0.999872 -0.794143
0.620632 -0.784038 0.00997504 133.582 0.784092 0.620639 -0.00280312 86.4662 -0.00399315 0.00956105 0.999946 -0.796678
0.612843 -0.790189 0.00497913 134.097 0.790203 0.612817 -0.0058806 87.0989 0.00159549 0.00753841 0.99997 -0.801861
0.605971 -0.795473 0.00470417 134.601 0.795474 0.605918 -0.00922876 87.7377 0.00449089 0.00933441 0.999946 -0.803649
0.599514 -0.800345 0.0055015 135.102 0.800358 0.599469 -0.00800288 88.3827 0.00310709 0.00920101 0.999953 -0.802587
0.593197 -0.80503 0.00666376 135.589 0.805049 0.593209 -0.000248545 89.0328 -0.00375292 0.00551209 0.999978 -0.798192
0.586693 -0.809777 0.00725844 136.073 0.809753 0.586735 0.0065343 89.6905 -0.0095501 0.00204392 0.999952 -0.794551
0.580526 -0.814182 0.00983436 136.55 0.81413 0.580604 0.00953575 90.351 -0.0134737 0.0024707 0.999906 -0.791216
0.575301 -0.817871 0.0107751 137.026 0.817803 0.575396 0.0108311 91.0162 -0.0150584 0.0025808 0.999883 -0.789892
0.571676 -0.82041 0.0106715 137.496 0.820361 0.571766 0.0095662 91.6907 -0.0139498 0.00328572 0.999897 -0.790599
0.567989 -0.823026 0.00414074 137.968 0.822999 0.568004 0.00666526 92.3683 -0.00783764 -0.000377973 0.999969 -0.79675
0.565008 -0.825073 -0.00452371 138.431 0.825082 0.564983 0.00579255 93.0487 -0.00222345 -0.00700527 0.999973 -0.803352
0.562721 -0.826615 -0.00720149 138.888 0.826645 0.562714 0.00325176 93.7349 0.00136442 -0.00778291 0.999969 -0.806509
0.560148 -0.828373 -0.00564981 139.348 0.828381 0.56009 0.00917617 94.4186 -0.00443689 -0.00982021 0.999942 -0.802425
0.558343 -0.829606 -0.00260226 139.801 0.829495 0.558211 0.0183834 95.1064 -0.0137984 -0.0124228 0.999828 -0.795559
0.555618 -0.831437 0.000869289 140.255 0.831144 0.555449 0.0259874 95.7916 -0.0220897 -0.0137165 0.999662 -0.789117
0.551682 -0.834053 0.00150745 140.709 0.833812 0.551564 0.0231117 96.4794 -0.0201078 -0.0114934 0.999732 -0.790111
0.547382 -0.836863 0.00587256 141.161 0.8368 0.547413 0.010241 97.1709 -0.011785 -0.000691585 0.99993 -0.793714
0.541632 -0.840588 0.00687135 141.612 0.840604 0.541649 0.000862503 97.8614 -0.00444687 0.00530893 0.999976 -0.79787
0.53579 -0.84434 0.00444829 142.056 0.844331 0.535806 0.00420362 98.5511 -0.00593271 0.00150357 0.999981 -0.797853
0.52955 -0.848235 0.00854955 142.494 0.848209 0.529609 0.00751002 99.2463 -0.0108982 0.00327487 0.999935 -0.793262
0.523255 -0.852052 0.0145616 142.933 0.852032 0.523405 0.00947307 99.9447 -0.0156931 0.0074501 0.999849 -0.78804
0.518324 -0.854876 0.0229665 143.366 0.854995 0.518588 0.00713177 100.657 -0.0180069 0.0159396 0.999711 -0.783461
0.513127 -0.857875 0.0274054 143.801 0.858105 0.513444 0.00562594 101.373 -0.0188975 0.0206299 0.999609 -0.781233
0.507927 -0.860954 0.0277283 144.231 0.861294 0.508106 -0.000669478 102.095 -0.0135125 0.0242223 0.999615 -0.784515
0.50193 -0.86441 0.0293538 144.657 0.864901 0.50177 -0.0131148 102.819 -0.00339231 0.0319708 0.999483 -0.790248
0.495985 -0.867589 0.0358896 145.08 0.86832 0.495346 -0.025535 103.545 0.00437615 0.0438287 0.99903 -0.792555
0.490397 -0.870663 0.0381736 145.499 0.871493 0.490094 -0.0175661 104.267 -0.00341455 0.0418824 0.999117 -0.786924
0.485643 -0.873414 0.0360487 145.91 0.874005 0.485916 -0.00136198 104.996 -0.016327 0.0321681 0.999349 -0.779643
0.481221 -0.875901 0.0349749 146.316 0.876238 0.481785 0.00951652 105.73 -0.0251859 0.0260668 0.999343 -0.774347
0.477763 -0.877812 0.0344637 146.719 0.878172 0.478276 0.00809498 106.473 -0.0235891 0.0263976 0.999373 -0.775581
0.476257 -0.878851 0.0282961 147.12 0.879208 0.476438 -0.000397059 107.225 -0.0131324 0.0250673 0.999599 -0.784663
0.47388 -0.880475 0.0142247 147.525 0.880584 0.473871 -0.00416979 107.976 -0.00306928 0.014502 0.99989 -0.796313
0.472137 -0.881439 0.0122765 147.922 0.881525 0.472084 -0.0071238 108.729 0.000483663 0.0141854 0.999899 -0.799314
0.469747 -0.882586 0.0194716 148.322 0.882796 0.469703 -0.0070466 109.479 -0.00292662 0.0204995 0.999786 -0.794537
0.469338 -0.882696 0.0238591 148.718 0.882938 0.46949 0.000847962 110.23 -0.0119501 0.0206681 0.999715 -0.787132
0.46956 -0.882538 0.0253113 149.112 0.882711 0.46986 0.00724416 110.988 -0.018286 0.018941 0.999653 -0.782494
0.468126 -0.883287 0.0257408 149.512 0.883499 0.4684 0.00557383 111.747 -0.0169803 0.0201327 0.999653 -0.783203
0.466389 -0.884287 0.022757 149.912 0.884529 0.466484 -0.00124629 112.508 -0.00951369 0.0207105 0.99974 -0.789165
0.464611 -0.885132 0.0260385 150.311 0.885513 0.464342 -0.0159308 113.271 0.00201004 0.0304591 0.999534 -0.795364
0.462704 -0.885876 0.0336051 150.709 0.886482 0.462039 -0.0258768 114.03 0.00739677 0.0417636 0.9991 -0.795929
0.461605 -0.886414 0.0345152 151.104 0.88708 0.461121 -0.0213562 114.786 0.00301472 0.0404759 0.999176 -0.792851
0.460379 -0.88705 0.0345552 151.496 0.8877 0.460297 -0.0107404 115.538 -0.00637842 0.0356193 0.999345 -0.786882
0.458797 -0.887845 0.0351577 151.882 0.888458 0.458936 -0.00449937 116.286 -0.0121404 0.0333004 0.999372 -0.782963
0.457983 -0.888263 0.0352033 152.269 0.888922 0.457975 -0.0087762 117.038 -0.00832665 0.0353123 0.999342 -0.78543
0.457978 -0.888393 0.0318442 152.66 0.888962 0.45776 -0.0142294 117.789 -0.00193571 0.0348251 0.999392 -0.790817
0.457759 -0.888723 0.0250508 153.044 0.889076 0.457582 -0.012727 118.54 -0.000152027 0.028098 0.999605 -0.794518
0.45733 -0.888966 0.0242709 153.425 0.889286 0.457288 -0.00757024 119.284 -0.00436912 0.0250459 0.999677 -0.792113
0.45655 -0.889411 0.0225968 153.807 0.889667 0.456598 -0.00328392 120.025 -0.00739691 0.0216029 0.999739 -0.790784
0.456219 -0.889613 0.0212938 154.186 0.889807 0.456336 0.000703552 120.767 -0.010343 0.0186264 0.999773 -0.789355
0.455737 -0.889938 0.0177387 154.562 0.890056 0.455845 0.00240747 121.51 -0.0102286 0.0146912 0.99984 -0.790728
0.455234 -0.890187 0.018143 154.933 0.890336 0.455305 -0.000228081 122.252 -0.00805757 0.0162572 0.999835 -0.792021
0.454371 -0.890709 0.0135814 155.304 0.89081 0.454354 -0.00445955 122.988 -0.00219861 0.0141247 0.999898 -0.797493
0.453265 -0.891295 0.0120439 155.668 0.891375 0.453239 -0.0049002 123.717 -0.00109123 0.0129567 0.999915 -0.798782
0.455777 -0.890018 0.0116535 155.989 0.890094 0.455744 -0.00546741 124.356 -0.000444937 0.0128647 0.999917 -0.799351
0.458461 -0.888643 0.0113016 156.308 0.888715 0.458421 -0.00605514 124.991 0.000199964 0.01282 0.999918 -0.799904
0.461141 -0.887259 0.0109462 156.627 0.887327 0.461094 -0.00664096 125.626 0.000845056 0.0127752 0.999918 -0.800457
0.463816 -0.885868 0.0105873 156.946 0.88593 0.463762 -0.00722455 126.261 0.00148999 0.0127305 0.999918 -0.801009
0.466487 -0.884469 0.0102252 157.265 0.884526 0.466426 -0.00780598 126.896 0.00213487 0.0126858 0.999917 -0.801562
0.469153 -0.883062 0.00985947 157.584 0.883112 0.469086 -0.00838542 127.53 0.00277991 0.0126411 0.999916 -0.802113
0.471815 -0.881646 0.00949037 157.904 0.881691 0.471743 -0.00896273 128.165 0.00342494 0.0125963 0.999915 -0.802665
0.474473 -0.880223 0.00911788 158.223 0.880261 0.474395 -0.00953789 128.8 0.00406999 0.0125516 0.999913 -0.803217
0.477127 -0.878791 0.008742 158.542 0.878822 0.477043 -0.0101109 129.435 0.00471505 0.0125068 0.999911 -0.803768
0.479775 -0.877352 0.00836274 158.861 0.877375 0.479686 -0.0106817 130.07 0.00536011 0.0124621 0.999908 -0.804319
0.482419 -0.875904 0.00798014 159.18 0.87592 0.482326 -0.0112503 130.705 0.00600515 0.0124173 0.999905 -0.80487
0.485058 -0.874449 0.00759425 159.499 0.874456 0.48496 -0.0118166 131.34 0.00665006 0.0123726 0.999901 -0.80542
0.487693 -0.872986 0.00720504 159.819 0.872985 0.48759 -0.0123806 131.975 0.00729495 0.0123278 0.999897 -0.80597
0.490322 -0.871514 0.00681248 160.138 0.871505 0.490216 -0.0129424 132.61 0.00793987 0.012283 0.999893 -0.80652
0.492947 -0.870036 0.0064167 160.457 0.870017 0.492836 -0.0135017 133.244 0.00858461 0.0122383 0.999888 -0.807069
