0.487256 -0.871926 0.0482369 -0.701392 0.873237 0.486897 -0.0197188 -0.542464 -0.00629307 0.0517303 0.998641 -0.780649
0.487256 -0.871926 0.0482369 -0.701392 0.873237 0.486897 -0.0197188 -0.542464 -0.00629307 0.0517303 0.998641 -0.780649
0.487284 -0.871905 0.0483251 -0.644434 0.87322 0.486927 -0.0197069 -0.460334 -0.00634826 0.0518013 0.998637 -0.777405
0.486852 -0.87212 0.0487987 -0.55173 0.87346 0.486494 -0.0197532 -0.284815 -0.00651316 0.0522406 0.998613 -0.774475
0.486675 -0.872155 0.0499264 -0.360609 0.87356 0.486283 -0.0205348 -0.0996372 -0.00636882 0.0536075 0.998542 -0.785846
0.487326 -0.871516 0.0545308 -0.266337 0.873189 0.486886 -0.0219759 0.109023 -0.00739796 0.0583251 0.99827 -0.805451
0.482575 -0.874683 0.0452955 -0.186866 0.875838 0.482242 -0.0187311 0.349599 -0.0054596 0.0487107 0.998798 -0.794842
0.488333 -0.871987 0.0342091 -0.133598 0.872653 0.488087 -0.0157592 0.494541 -0.00295522 0.0375484 0.99929 -0.782374
0.496203 -0.867432 0.0366492 -0.168474 0.868203 0.495873 -0.0182521 0.595981 -0.00234089 0.0408757 0.999161 -0.770775
0.486836 -0.872491 0.041846 -0.29042 0.873469 0.486619 -0.0158983 0.73892 -0.00649195 0.044291 0.998998 -0.747376
0.475731 -0.878778 0.0377911 -0.444098 0.879536 0.475743 -0.00924907 0.809769 -0.00985098 0.0376387 0.999243 -0.66073
0.466644 -0.883496 0.0409608 -0.576538 0.884381 0.466667 -0.00958915 0.955162 -0.0106431 0.0406997 0.999115 -0.635281
0.455159 -0.889074 0.048752 -0.641396 0.89038 0.454912 -0.0166884 1.12447 -0.00734066 0.0510037 0.998671 -0.676591
0.445283 -0.893763 0.053946 -0.65738 0.895383 0.444706 -0.0229375 1.20771 -0.00348943 0.058516 0.99828 -0.721983
0.439461 -0.896924 0.0490082 -0.612389 0.89826 0.438909 -0.0220828 1.21646 -0.00170353 0.0537267 0.998554 -0.786803
0.433398 -0.900182 0.0428767 -0.633687 0.901173 0.433281 -0.0124615 1.27976 -0.00736007 0.0440401 0.999003 -0.800962
0.426451 -0.903835 0.0349553 -0.557925 0.904417 0.426644 -0.00210344 1.32045 -0.0130123 0.0325112 0.999387 -0.819148
0.427173 -0.903236 0.0410722 -0.496497 0.904043 0.427433 -0.00269099 1.45739 -0.015125 0.0382805 0.999152 -0.822221
0.434054 -0.899638 0.047422 -0.490844 0.90076 0.434274 -0.00610434 1.51167 -0.0151024 0.0453655 0.998856 -0.825573
0.439528 -0.897355 0.0396178 -0.429963 0.898197 0.439458 -0.0109253 1.52901 -0.00760644 0.0403866 0.999155 -0.902461
0.445182 -0.895335 0.0136802 -0.307682 0.895429 0.445048 -0.0117925 1.6157 0.0044699 0.0174994 0.999837 -0.944725
0.453524 -0.891244 -0.000426437 -0.172171 0.891054 0.453438 -0.0204324 1.61044 0.0184037 0.00888664 0.999791 -0.947252
0.463426 -0.885935 -0.0188449 -0.13048 0.885672 0.463767 -0.0224755 1.5869 0.0286515 -0.00627464 0.99957 -0.918765
0.472561 -0.880927 -0.0255652 -0.0829103 0.880539 0.473159 -0.0277897 1.57813 0.0365771 -0.00937882 0.999287 -0.987412
0.481826 -0.875881 -0.0260009 -0.0372196 0.875461 0.482443 -0.0285802 1.60238 0.0375769 -0.00899211 0.999253 -1.1498
0.490915 -0.871013 -0.0184048 0.0313361 0.87031 0.491258 -0.0350162 1.64734 0.0395411 0.00117216 0.999217 -1.21754
0.500051 -0.865971 -0.00660996 0.138549 0.865075 0.499856 -0.0423068 1.77814 0.0399405 0.0154374 0.999083 -1.25278
0.508921 -0.860798 0.00506416 0.261582 0.859786 0.508018 -0.0518129 1.89371 0.0420278 0.0307228 0.998644 -1.19056
0.518205 -0.855135 0.0144387 0.461499 0.854263 0.516715 -0.0569233 2.06655 0.0412164 0.0418324 0.998274 -1.09945
0.528695 -0.848453 0.0246822 0.715963 0.848015 0.526716 -0.0586527 2.31951 0.0367635 0.0519403 0.997973 -1.03093
0.538911 -0.842005 0.0245292 0.8961 0.841711 0.537121 -0.0549928 2.61512 0.0331291 0.0502828 0.998185 -1.00578
0.54291 -0.839712 0.0115074 1.07218 0.839071 0.541827 -0.0488255 2.81235 0.0347643 0.0361634 0.998741 -0.96089
0.549055 -0.835613 0.0170286 1.32819 0.834933 0.54746 -0.0563457 2.99373 0.0377607 0.0451546 0.998266 -0.968949
0.54206 -0.839962 0.0252037 1.64258 0.8394 0.539792 -0.0635069 3.09522 0.0397387 0.0555805 0.997663 -0.957811
0.535017 -0.844109 0.0351864 2.02417 0.84392 0.532024 -0.0689127 3.27066 0.0394498 0.0665639 0.997002 -0.965201
0.528625 -0.847572 0.0466569 2.35013 0.847897 0.52462 -0.0764482 3.36921 0.0403183 0.0799727 0.995981 -1.00028
0.523287 -0.850803 0.0480074 2.59003 0.851386 0.519589 -0.0718969 3.42314 0.036226 0.0784955 0.996256 -1.02109
0.516628 -0.854835 0.048508 2.92429 0.855615 0.513327 -0.0664724 3.51042 0.0319225 0.0758457 0.996608 -1.0446
0.513828 -0.856273 0.0526986 3.1756 0.857637 0.511202 -0.0559639 3.65255 0.0209808 0.0739521 0.997041 -1.08928
0.511353 -0.857529 0.0562301 3.34556 0.859284 0.509275 -0.0476507 3.84847 0.0122253 0.0726839 0.99728 -1.16156
0.511515 -0.857882 0.0488966 3.4798 0.859215 0.509978 -0.0408931 3.97536 0.0101452 0.0629301 0.997966 -1.17354
0.511905 -0.858008 0.0421261 3.6069 0.859014 0.510875 -0.0332029 4.20123 0.00696719 0.0531837 0.99856 -1.19658
0.512022 -0.858093 0.0388577 3.73465 0.858953 0.511184 -0.0298455 4.44791 0.0057468 0.0486585 0.998799 -1.12292
0.511431 -0.858579 0.0357845 3.89301 0.859248 0.510388 -0.0345927 4.60047 0.0114366 0.0484395 0.998761 -1.04056
0.512378 -0.85808 0.0341626 4.11964 0.858472 0.510772 -0.0462243 4.76049 0.0222149 0.053012 0.998347 -1.02893
0.514078 -0.857155 0.0317605 4.30402 0.857143 0.51198 -0.0564145 5.01052 0.0320952 0.0562248 0.997902 -1.01984
0.511647 -0.858726 0.0284207 4.52364 0.858181 0.509154 -0.0654809 5.33974 0.0417596 0.0578931 0.997449 -0.958615
0.512176 -0.858262 0.0325764 4.64535 0.857402 0.508701 -0.0780092 5.67947 0.0503807 0.0678855 0.99642 -0.872657
0.511809 -0.858488 0.032396 4.74694 0.857354 0.508004 -0.0829209 5.94584 0.0547293 0.0702145 0.996029 -0.848379
0.509961 -0.859724 0.0285325 4.90966 0.858175 0.506208 -0.085383 6.16546 0.0589625 0.0680279 0.99594 -0.886374
0.510202 -0.859471 0.0316716 5.05428 0.857967 0.506055 -0.0883195 6.38559 0.0598805 0.072234 0.995589 -1.02127
0.510047 -0.859638 0.0295684 5.21647 0.857715 0.505722 -0.09257 6.62619 0.0646233 0.0725763 0.995267 -1.05982
0.509309 -0.860203 0.0255765 5.30487 0.857379 0.504627 -0.101254 6.85421 0.0741926 0.0734985 0.994532 -1.03098
0.508792 -0.860686 0.0187186 5.44616 0.856925 0.504246 -0.10684 7.16076 0.0825166 0.0703996 0.9941 -0.968818
0.50875 -0.860729 0.0178306 5.62356 0.856561 0.503989 -0.110898 7.54718 0.0864663 0.0716922 0.993672 -0.950739
0.509407 -0.860466 0.010183 5.72661 0.85617 0.505603 -0.106487 7.87 0.0864795 0.0629633 0.994262 -0.913059
0.509344 -0.860556 0.00345377 5.8257 0.856297 0.506416 -0.101475 8.09415 0.0855759 0.0546432 0.994832 -0.891681
0.508475 -0.861065 -0.00452789 5.99823 0.85686 0.506497 -0.0961811 8.38618 0.0851116 0.0450259 0.995354 -0.871973
0.505196 -0.862934 -0.0110204 6.24917 0.858724 0.503919 -0.0930535 8.64151 0.0858524 0.0375467 0.9956 -0.901885
0.501317 -0.86512 -0.0157504 6.51738 0.86133 0.500689 -0.0861434 8.88324 0.0824104 0.0296188 0.996158 -0.833645
0.501042 -0.865213 -0.0190693 6.73625 0.861815 0.500842 -0.0802002 9.21133 0.0789409 0.0237494 0.996596 -0.787683
0.501893 -0.864791 -0.0154843 6.99378 0.861719 0.501491 -0.0771241 9.63004 0.0744615 0.025365 0.996901 -0.759453
0.503306 -0.864098 -0.0041141 7.26218 0.860989 0.501888 -0.0825022 10.1312 0.0733548 0.0379817 0.996582 -0.679186
0.504964 -0.863135 0.00290847 7.57795 0.860113 0.502908 -0.0853771 10.7198 0.0722293 0.045614 0.996344 -0.60851
0.505291 -0.862944 0.00291568 7.95593 0.860219 0.503421 -0.0811856 11.3862 0.0685908 0.0435305 0.996695 -0.53094
0.503071 -0.864245 -0.000172624 8.41341 0.861519 0.5015 -0.0792588 12.0031 0.0685856 0.0397241 0.996854 -0.421016
0.504169 -0.863599 -0.00310141 8.77535 0.860814 0.502826 -0.0785202 12.651 0.0693695 0.0369177 0.996908 -0.32844
0.503744 -0.863834 -0.00575296 9.16431 0.860675 0.502451 -0.0823452 13.2895 0.0740231 0.0365295 0.996587 -0.268451
0.50259 -0.864493 -0.00736024 9.50768 0.860678 0.501138 -0.0899651 13.9048 0.0814628 0.0388808 0.995918 -0.195245
0.502904 -0.864256 -0.0122265 9.90514 0.860442 0.501927 -0.0878055 14.5076 0.0820233 0.0336375 0.996063 -0.198716
0.50279 -0.86428 -0.0149319 10.2376 0.860725 0.502166 -0.0835547 15.0477 0.0797129 0.0291582 0.996391 -0.159145
0.50173 -0.864943 -0.0118624 10.5769 0.861805 0.500997 -0.0793372 15.6383 0.0745652 0.0295827 0.996777 -0.0712196
0.50177 -0.864834 -0.0170096 10.8954 0.861664 0.501464 -0.0779104 16.1323 0.0759092 0.0244366 0.996815 0.0160365
0.50195 -0.864826 -0.0110611 11.2533 0.861235 0.500959 -0.0855293 16.6505 0.0795091 0.0334052 0.996274 0.0561883
0.5042 -0.863548 -0.00818383 11.5151 0.859457 0.502692 -0.0929179 17.1597 0.084353 0.0398156 0.99564 0.123416
0.506255 -0.862292 -0.012587 11.8397 0.858496 0.505303 -0.0874829 17.6694 0.0817961 0.0334827 0.996086 0.116172
0.509968 -0.860054 -0.0154513 12.1412 0.856652 0.509415 -0.0815124 18.1478 0.0779762 0.0283323 0.996553 0.18609
0.513506 -0.857987 -0.0130431 12.4176 0.854452 0.51267 -0.0841542 18.5914 0.07889 0.032069 0.996367 0.212459
0.512422 -0.858715 -0.00569686 12.6998 0.855378 0.510994 -0.0849273 19.0031 0.0758394 0.0386456 0.996371 0.275058
0.530289 -0.847814 -0.00221454 12.9914 0.844724 0.528576 -0.08396 19.3185 0.072353 0.0426524 0.996467 0.331455
0.542281 -0.840196 -0.00115914 13.2325 0.837381 0.540576 -0.0810607 19.7096 0.0687335 0.0429871 0.996709 0.388402
0.554578 -0.832115 -0.00522403 13.4991 0.82926 0.553175 -0.0795306 20.1062 0.0690684 0.0397739 0.996819 0.454541
0.570644 -0.821138 -0.00986908 13.8016 0.818442 0.569672 -0.0750094 20.4958 0.0672152 0.0347264 0.997134 0.487344
0.584819 -0.811076 -0.0119119 14.0966 0.808136 0.583841 -0.0777525 20.8905 0.0700179 0.0358447 0.996902 0.520954
0.604796 -0.796344 -0.00763807 14.4524 0.79318 0.603198 -0.0837704 21.2012 0.0713173 0.0446057 0.996456 0.571451
0.625341 -0.780314 -0.00765804 14.7526 0.777425 0.623815 -0.0804107 21.5792 0.0675228 0.0443305 0.996732 0.626854
0.64878 -0.760961 -0.00486488 15.07 0.758472 0.64715 -0.0769235 21.9219 0.061684 0.0462165 0.997025 0.657879
0.676232 -0.736676 -0.0042036 15.4128 0.734097 0.674321 -0.0799502 22.1569 0.061732 0.050979 0.99679 0.695075
0.705437 -0.70875 -0.00558134 15.6778 0.706205 0.70353 -0.0795007 22.4226 0.0602728 0.0521412 0.996819 0.734003
0.735193 -0.677837 -0.00538296 15.9706 0.675466 0.733241 -0.0781188 22.6517 0.0568988 0.0537964 0.99693 0.757584
0.767286 -0.641278 -0.0059381 16.2969 0.638938 0.765215 -0.0787645 22.9293 0.0550539 0.0566408 0.996876 0.801105
0.800164 -0.599768 -0.00401838 16.7198 0.597423 0.797593 -0.0832561 23.1371 0.0531394 0.0642179 0.99652 0.854317
0.831385 -0.555688 -0.00313263 17.0983 0.553747 0.828927 -0.0790286 23.3484 0.0465119 0.0639685 0.996867 0.827097
0.861385 -0.507938 -0.00374403 17.426 0.506056 0.858784 -0.0799864 23.4732 0.0438435 0.0670045 0.996789 0.840298
0.891275 -0.453447 -0.00382729 17.8239 0.451555 0.888266 -0.0841519 23.5034 0.0415581 0.0732742 0.996446 0.862744
0.91866 -0.395031 -0.00389538 18.2023 0.393235 0.91534 -0.086712 23.6062 0.0378195 0.078127 0.996226 0.891714
0.942122 -0.335259 0.00259672 18.5741 0.334348 0.938931 -0.0813597 23.7281 0.0248385 0.077519 0.996681 0.931842
0.961591 -0.274483 -0.00109597 18.9208 0.273272 0.957709 -0.0900842 23.7458 0.0257762 0.0863246 0.995934 0.920518
0.976995 -0.213226 0.00382924 19.2873 0.212727 0.973122 -0.0882047 23.8002 0.0150812 0.0869901 0.996095 0.962879
0.988616 -0.150395 0.00452527 19.6815 0.150191 0.98457 -0.0898059 23.8652 0.00905091 0.0894631 0.995949 0.948998
0.995737 -0.0920366 0.0060807 19.9932 0.0922007 0.991322 -0.0936986 23.8701 0.00259576 0.0938598 0.995582 0.970027
0.999521 -0.030203 0.00675022 20.4045 0.0307171 0.994776 -0.0973538 23.8495 -0.00377458 0.0975145 0.995227 0.98609
0.999632 0.0263247 0.00656275 20.7533 -0.0255144 0.994409 -0.102469 23.8783 -0.00922353 0.102264 0.994715 1.0264
0.996456 0.083646 0.0088612 21.1397 -0.0823345 0.991502 -0.10072 23.8613 -0.0172107 0.0996335 0.994875 0.975706
0.989807 0.142123 0.00914391 21.5822 -0.140578 0.985293 -0.0971383 23.742 -0.022815 0.0948627 0.995229 0.934669
0.981649 0.190483 0.00897632 21.9682 -0.188746 0.977252 -0.0967103 23.6802 -0.0271939 0.0932414 0.995272 0.915668
0.976114 0.216716 0.0153732 22.2689 -0.213023 0.968582 -0.128334 23.6212 -0.0427023 0.121994 0.991612 0.930729
0.969862 0.242977 0.0181665 22.484 -0.237727 0.959977 -0.148087 23.516 -0.0534212 0.139306 0.988807 0.904476
0.964182 0.264529 0.0194363 22.6787 -0.25799 0.952315 -0.162902 23.5011 -0.0616017 0.152052 0.986451 0.897917
0.959109 0.282294 0.0205024 22.8334 -0.274668 0.945786 -0.173336 23.5727 -0.0683227 0.160617 0.984649 0.904101
0.953441 0.301033 0.0181458 23.0329 -0.293845 0.940844 -0.168725 23.6485 -0.0678641 0.155537 0.985496 0.964083
0.946236 0.323457 0.00346776 23.2636 -0.319446 0.936081 -0.147333 23.7438 -0.0509019 0.138304 0.989081 0.995393
0.936091 0.351733 -0.00427575 23.5118 -0.349963 0.930017 -0.112221 23.8047 -0.0354953 0.106545 0.993674 0.934156
0.925485 0.378644 -0.0103314 23.6959 -0.377919 0.921181 -0.0927544 23.7854 -0.0256038 0.0897473 0.995635 0.89275
0.926525 0.375645 -0.0210148 23.8694 -0.375526 0.919922 -0.112798 23.7599 -0.0230398 0.112401 0.993396 0.934653
0.927603 0.373024 -0.0201275 24.1334 -0.372811 0.920958 -0.113347 23.7681 -0.0237448 0.112645 0.993352 0.971009
0.929081 0.36965 -0.0129404 24.4455 -0.368946 0.923698 -0.103251 23.8355 -0.0262136 0.100702 0.994571 0.943034
0.928742 0.370704 -0.00416839 24.7861 -0.369489 0.924663 -0.0920641 23.8087 -0.0302742 0.0870439 0.995744 0.906034
0.927552 0.373666 -0.00467237 25.1657 -0.372023 0.922148 -0.10603 23.6962 -0.0353111 0.100086 0.994352 0.888451
0.927027 0.374928 -0.00709038 25.5656 -0.373344 0.92101 -0.111154 23.5394 -0.0351442 0.105689 0.993778 0.921399
0.921003 0.38939 -0.0113234 26.0507 -0.388005 0.914362 -0.115732 23.3324 -0.0347111 0.110983 0.993216 0.948001
0.918392 0.395394 -0.0148026 26.5991 -0.39413 0.910877 -0.122332 23.191 -0.0348859 0.118183 0.992379 0.967799
0.917272 0.398002 -0.0143951 27.106 -0.396781 0.910148 -0.119146 22.9798 -0.0343187 0.115001 0.992772 0.925745
0.914518 0.404355 -0.0124168 27.6204 -0.403092 0.908203 -0.112621 22.7571 -0.0342618 0.107999 0.99356 0.874361
0.913193 0.407331 -0.0126225 28.1159 -0.406089 0.906934 -0.112083 22.5233 -0.0342071 0.107479 0.993619 0.846047
0.910353 0.413689 -0.0109312 28.6476 -0.412343 0.90452 -0.108702 22.2368 -0.0350813 0.103465 0.994014 0.821432
0.912946 0.407973 -0.00938413 29.2682 -0.406543 0.907271 -0.107623 21.9861 -0.0353932 0.102069 0.994147 0.794849
0.912293 0.409447 -0.00867672 29.8275 -0.407968 0.906735 -0.106741 21.6623 -0.0358374 0.100919 0.994249 0.761116
0.908305 0.418191 -0.00987385 30.4594 -0.416766 0.902682 -0.1071 21.4014 -0.0358754 0.101395 0.994199 0.749851
0.909986 0.414478 -0.0115661 31.0428 -0.413475 0.904988 -0.100171 21.1141 -0.0310514 0.0959364 0.994903 0.733755
0.91002 0.414409 -0.0113301 31.7229 -0.413304 0.904786 -0.10268 20.8027 -0.0323002 0.0981237 0.99465 0.713246
0.910517 0.413299 -0.0119146 32.4017 -0.412093 0.904754 -0.107706 20.5093 -0.0337352 0.102979 0.994111 0.698174
0.913604 0.406416 -0.0124149 33.0543 -0.405229 0.907574 -0.109998 20.3044 -0.0334376 0.105526 0.993854 0.678105
0.914944 0.403375 -0.0128986 33.6861 -0.402213 0.908749 -0.111355 20.0071 -0.0331964 0.107072 0.993697 0.655041
0.913314 0.407092 -0.0115374 34.2846 -0.405924 0.907674 -0.10655 19.7099 -0.0329033 0.101997 0.99424 0.633183
0.913003 0.407829 -0.0100681 34.9668 -0.406653 0.907846 -0.102221 19.4607 -0.0325482 0.0974218 0.994711 0.627599
0.914575 0.404353 -0.0071848 35.7363 -0.402879 0.909406 -0.103296 19.1813 -0.0352341 0.0973664 0.994625 0.595711
0.915688 0.401798 -0.00859123 36.4735 -0.400602 0.910834 -0.0994927 18.8707 -0.0321508 0.094546 0.995001 0.6492
0.916805 0.399257 -0.00784629 37.2182 -0.397984 0.911915 -0.100096 18.5717 -0.0328087 0.0948908 0.994947 0.605919
0.91649 0.399845 -0.0130595 37.921 -0.399139 0.911683 -0.0975777 18.2516 -0.0271098 0.0946415 0.995142 0.61969
0.916934 0.398807 -0.0136359 38.6075 -0.398324 0.912709 -0.0911066 17.9347 -0.0238883 0.0889702 0.995748 0.581023
0.915884 0.401167 -0.0148984 39.3619 -0.400662 0.911157 -0.0962434 17.5806 -0.0250349 0.094117 0.995246 0.513802
0.915784 0.401379 -0.0152766 40.102 -0.400883 0.910949 -0.0972924 17.2438 -0.0251349 0.095223 0.995139 0.485515
0.915378 0.402361 -0.0137228 40.8402 -0.401601 0.910192 -0.101328 16.8992 -0.0282801 0.0982648 0.994758 0.462082
0.915174 0.402938 -0.00987907 41.6199 -0.401986 0.910678 -0.0952534 16.5496 -0.0293845 0.0911447 0.995404 0.459823
0.915251 0.402751 -0.0103916 42.3158 -0.401801 0.910594 -0.0968236 16.1894 -0.0295332 0.0927932 0.995247 0.451637
0.915911 0.401273 -0.00928022 43.0812 -0.400245 0.911337 -0.0962758 15.9005 -0.0301755 0.0918945 0.995311 0.43315
0.912847 0.40815 -0.0111414 43.7615 -0.407194 0.908023 -0.098424 15.5633 -0.0300551 0.0943828 0.995082 0.424746
0.912447 0.409085 -0.00953042 44.5302 -0.408036 0.907863 -0.0963938 15.1861 -0.0307809 0.0918429 0.995298 0.395579
0.912042 0.409973 -0.0101317 45.2172 -0.409044 0.907649 -0.0941052 14.84 -0.0293845 0.0899722 0.995511 0.357467
0.910221 0.41412 0.00130035 45.9579 -0.412509 0.906949 -0.0853235 14.4891 -0.0365135 0.0771269 0.996352 0.403406
0.908168 0.418507 0.00907124 46.6969 -0.416817 0.906078 -0.0727089 14.1597 -0.0386484 0.0622509 0.997312 0.346699
0.90648 0.422003 -0.0144227 47.4555 -0.420856 0.900189 -0.111985 13.7526 -0.0342749 0.107582 0.993605 0.308374
0.904406 0.42604 -0.0232172 48.2136 -0.425115 0.895124 -0.134277 13.3272 -0.0364251 0.131311 0.990672 0.367597
0.901732 0.43087 -0.0350655 49.036 -0.431214 0.890785 -0.143373 12.9026 -0.0305393 0.144405 0.989047 0.35089
0.897656 0.439619 -0.0308006 49.7904 -0.439541 0.888055 -0.134769 12.4799 -0.0318944 0.134515 0.990398 0.410555
0.892886 0.449639 -0.0240817 50.518 -0.44895 0.884853 -0.124414 12.0875 -0.0346326 0.121899 0.991938 0.379514
0.888005 0.459426 -0.01935 51.2324 -0.458265 0.880721 -0.119685 11.7143 -0.0379446 0.115149 0.992623 0.314121
0.883118 0.468956 -0.013558 51.9294 -0.467431 0.877039 -0.110957 11.3584 -0.0401428 0.104325 0.993733 0.266983
0.878073 0.478301 -0.0147118 52.6188 -0.4767 0.871623 -0.114148 11.0103 -0.041774 0.107244 0.993355 0.240272
0.871638 0.489998 -0.0122621 53.3679 -0.488364 0.866054 -0.107005 10.5836 -0.0418124 0.0992577 0.994183 0.210247
0.865901 0.499991 -0.0149562 54.0391 -0.498459 0.859973 -0.109477 10.2105 -0.0418757 0.102251 0.993877 0.205533
0.861529 0.507474 -0.0154117 54.7327 -0.50606 0.855895 -0.106522 9.81209 -0.0408665 0.0995714 0.994191 0.184773
0.857038 0.515159 -0.00987963 55.3797 -0.513384 0.852139 -0.10147 9.42033 -0.0438544 0.0920357 0.99479 0.182584
0.852578 0.522495 -0.0104885 56.0181 -0.52093 0.848079 -0.0969245 9.02104 -0.0417475 0.0880995 0.995236 0.0785605
0.847998 0.529908 -0.00981083 56.6544 -0.528236 0.843524 -0.0971285 8.61308 -0.0431935 0.0875473 0.995224 0.0760157
0.843453 0.537091 -0.0109745 57.2593 -0.535294 0.838559 -0.101386 8.24854 -0.0452506 0.0913888 0.994787 0.0716094
0.83982 0.54271 -0.0129324 57.9057 -0.540872 0.834462 -0.105505 7.87741 -0.0464673 0.0956004 0.994335 0.0582226
0.83676 0.547438 -0.0120228 58.5144 -0.54533 0.83115 -0.10865 7.48315 -0.0494865 0.0974705 0.994007 0.0326065
0.834591 0.550707 -0.0133872 59.1226 -0.54871 0.828923 -0.108643 7.11366 -0.0487335 0.098018 0.993991 0.0423932
0.834356 0.551097 -0.0118872 59.687 -0.548882 0.828629 -0.110008 6.74764 -0.0507749 0.0983104 0.99386 0.0124024
0.83213 0.554453 -0.0119164 60.2779 -0.552181 0.826341 -0.110706 6.28641 -0.0515344 0.098702 0.993782 -0.00352298
0.83151 0.555372 -0.0123236 60.8107 -0.553006 0.825456 -0.113164 5.90545 -0.0526753 0.100912 0.9935 -0.0167886
0.830874 0.556116 -0.019585 61.3433 -0.554519 0.824526 -0.112537 5.60424 -0.0464355 0.104365 0.993454 -0.089941
0.830862 0.556108 -0.0202849 61.8712 -0.554546 0.824392 -0.113383 5.27106 -0.0463303 0.105454 0.993344 -0.0644039
0.832358 0.553807 -0.0218496 62.3328 -0.552314 0.825543 -0.11588 5.0126 -0.0461373 0.108521 0.993023 -0.035852
0.834282 0.550918 -0.021501 62.8545 -0.549457 0.827586 -0.114888 4.67619 -0.0454997 0.107663 0.993146 -0.0209843
0.840366 0.541622 -0.0207318 63.2817 -0.540238 0.833895 -0.112972 4.36384 -0.0439 0.106138 0.993382 -0.0231918
0.848772 0.528377 -0.0200961 63.81 -0.527102 0.842494 -0.111214 4.06161 -0.041832 0.104988 0.993593 -0.00359998
0.855434 0.517471 -0.0213444 64.2644 -0.516436 0.849165 -0.11051 3.72364 -0.0390606 0.105557 0.993646 -0.0261913
0.865232 0.500806 -0.0237937 64.6731 -0.50012 0.858751 -0.111477 3.47776 -0.0353957 0.108354 0.993482 -0.0483607
0.876441 0.480792 -0.0262742 65.1709 -0.480467 0.869653 -0.113378 3.26867 -0.0316615 0.111993 0.993204 -0.113905
0.887115 0.460704 -0.0279056 65.6209 -0.460635 0.879938 -0.116296 3.15593 -0.0290229 0.116022 0.992822 -0.17838
0.899259 0.436367 -0.0302885 66.06 -0.43686 0.892463 -0.112527 2.99231 -0.0220718 0.114423 0.993187 -0.163663
0.914564 0.403363 -0.0295263 66.4926 -0.404096 0.908322 -0.107973 2.93839 -0.0167328 0.110679 0.993715 -0.130921
0.931951 0.361639 -0.0261434 66.9967 -0.362213 0.92532 -0.112177 2.87002 -0.0163766 0.114013 0.993344 -0.160021
0.94535 0.325184 -0.023843 67.4084 -0.325648 0.93797 -0.11902 2.8051 -0.0163393 0.12028 0.992606 -0.211994
0.957429 0.287853 -0.0216659 67.8651 -0.288283 0.949582 -0.123235 2.7467 -0.0149 0.124235 0.992141 -0.173495
0.968914 0.246546 -0.0205347 68.3614 -0.247175 0.96116 -0.122784 2.76738 -0.0105346 0.124042 0.992221 -0.0902915
0.981429 0.190712 -0.0206172 68.8575 -0.191805 0.974145 -0.119385 2.729 -0.00268411 0.121123 0.992634 -0.0627502
0.990991 0.131754 -0.0240151 69.3244 -0.13371 0.983518 -0.121715 2.69069 0.00758284 0.12383 0.992274 -0.0484446
0.997312 0.0676722 -0.0280909 69.8592 -0.0706447 0.989815 -0.123593 2.70189 0.0194411 0.125245 0.991935 -0.0238321
0.999461 0.000498859 -0.0328387 70.3955 -0.00461205 0.992108 -0.125298 2.75166 0.0325171 0.125382 0.991575 0.0204365
0.997157 -0.067618 -0.0332373 70.871 0.0633272 0.991165 -0.116538 2.82377 0.0408237 0.114102 0.99263 0.017441
0.989118 -0.140263 -0.0443997 71.3922 0.134015 0.983506 -0.121473 2.93312 0.0607055 0.114201 0.991601 0.0857964
0.978002 -0.203268 -0.0468399 71.8387 0.19624 0.972712 -0.123782 3.03249 0.0707226 0.111867 0.991203 0.105103
0.961188 -0.271958 -0.0464304 72.3407 0.264332 0.955982 -0.127388 3.23535 0.0790308 0.110171 0.990766 0.111998
0.940809 -0.336294 -0.0422522 72.7992 0.32897 0.936028 -0.125022 3.4394 0.0815935 0.103722 0.991254 0.133303
0.915503 -0.400424 -0.0389234 73.2112 0.392794 0.910571 -0.128737 3.62325 0.086992 0.102571 0.990915 0.181552
0.887483 -0.459619 -0.033525 73.6359 0.452404 0.882785 -0.126574 3.86778 0.0877709 0.097165 0.991391 0.220953
0.857986 -0.512782 -0.0302429 74.0111 0.505833 0.853672 -0.124005 4.10789 0.0894048 0.0910965 0.991821 0.280096
0.82572 -0.563448 -0.0266973 74.384 0.556718 0.821651 -0.122291 4.3675 0.0908405 0.0861151 0.992135 0.319565
0.796031 -0.604751 -0.0247146 74.7669 0.598207 0.792318 -0.119918 4.55342 0.0921021 0.0806736 0.992476 0.352601
0.759974 -0.649585 -0.0218741 75.0844 0.64312 0.756426 -0.119227 4.84158 0.0939945 0.0765422 0.992626 0.3902
0.719399 -0.693905 -0.0310129 75.2959 0.686476 0.717086 -0.12058 5.10384 0.10591 0.0654551 0.992219 0.435279
0.694617 -0.718368 -0.0381505 75.4496 0.710468 0.693368 -0.120316 5.31539 0.112883 0.0564685 0.992002 0.422622
0.668943 -0.74248 -0.0351928 75.5782 0.734706 0.667639 -0.120273 5.52554 0.112796 0.0545994 0.992117 0.50899
0.645317 -0.763349 -0.02939 75.7973 0.755764 0.643564 -0.121025 5.72133 0.111299 0.0558875 0.992214 0.590933
0.622397 -0.782183 -0.0284852 75.9843 0.774234 0.620595 -0.124191 5.92931 0.114818 0.0552417 0.991849 0.650458
0.60316 -0.79703 -0.0306755 76.2548 0.789301 0.601967 -0.120998 6.13355 0.114905 0.048769 0.992179 0.669043
0.583636 -0.811227 -0.0357571 76.5098 0.804375 0.583611 -0.111263 6.38146 0.111127 0.0361748 0.993148 0.720824
0.558756 -0.828238 -0.0425833 76.7106 0.82155 0.5598 -0.108066 6.72308 0.113343 0.0253984 0.993231 0.772702
0.538989 -0.84097 -0.047547 76.9905 0.834225 0.540766 -0.107895 7.02728 0.116449 0.0184896 0.993025 0.823645
0.531528 -0.845649 -0.0485251 77.3447 0.838535 0.533425 -0.110984 7.39206 0.119738 0.0183014 0.992637 0.863864
0.526328 -0.848913 -0.04823 77.6291 0.841273 0.528148 -0.11541 7.83342 0.123446 0.0201689 0.992146 0.917632
0.535244 -0.8436 -0.0430412 77.945 0.834635 0.536023 -0.126744 8.36574 0.129992 0.0319151 0.991001 0.995147
0.535242 -0.844103 -0.0317036 78.1927 0.832312 0.533426 -0.150713 8.85634 0.144129 0.0542804 0.988069 1.09265
0.541003 -0.840618 -0.0260288 78.5367 0.826555 0.537158 -0.168129 9.31945 0.155314 0.0694441 0.985421 1.19658
0.547244 -0.836743 -0.0195987 78.8982 0.822023 0.541728 -0.175524 9.81714 0.157485 0.0799438 0.98428 1.21578
0.548455 -0.836124 -0.00972454 79.2494 0.822443 0.541507 -0.174234 10.3164 0.150947 0.0875618 0.984656 1.33437
0.554032 -0.832377 -0.0139987 79.5765 0.821057 0.549121 -0.155987 10.9068 0.137527 0.0749282 0.98766 1.47299
0.557122 -0.830191 -0.0199348 79.8813 0.819966 0.553742 -0.144999 11.4397 0.131415 0.0644362 0.989231 1.6275
0.557873 -0.829457 -0.0279098 80.2419 0.819138 0.555714 -0.142108 12.0118 0.133383 0.0564165 0.989457 1.70377
0.554493 -0.831699 -0.0285513 80.5644 0.820828 0.552251 -0.14581 12.544 0.137038 0.057415 0.9889 1.80284
0.552432 -0.832986 -0.0308727 80.9829 0.821222 0.550231 -0.15113 13.0965 0.142877 0.0581359 0.988032 1.90585
0.549664 -0.834469 -0.0391304 81.3182 0.822435 0.548764 -0.149862 13.7052 0.146528 0.0501915 0.987932 2.00097
0.548571 -0.834949 -0.0439363 81.7281 0.823986 0.548788 -0.140992 14.3043 0.141832 0.0411411 0.989035 2.03516
0.548245 -0.835612 -0.0343551 82.1423 0.82537 0.547236 -0.138911 14.8925 0.134876 0.0478016 0.989709 2.16394
0.545308 -0.837664 -0.0309661 82.5594 0.828139 0.544088 -0.134736 15.5154 0.129712 0.0478285 0.990398 2.24294
0.543013 -0.839209 -0.0294156 82.9718 0.829116 0.541374 -0.139571 16.1216 0.133054 0.0513998 0.989775 2.41578
0.544025 -0.838345 -0.0348362 83.3747 0.827467 0.542921 -0.143301 16.7852 0.139049 0.0491336 0.989066 2.50973
0.54205 -0.839395 -0.0399731 83.7692 0.827741 0.541523 -0.146959 17.4282 0.145003 0.0465716 0.988335 2.60562
0.53867 -0.841498 -0.0414218 84.1745 0.829337 0.538264 -0.149909 18.0665 0.148444 0.0463988 0.987832 2.73776
0.536754 -0.842886 -0.0379314 84.6104 0.831435 0.536041 -0.146206 18.6749 0.143568 0.0469393 0.988527 2.82382
0.534669 -0.844302 -0.0358324 85.0411 0.83339 0.533833 -0.143118 19.3229 0.139964 0.0466586 0.989057 2.93043
0.533718 -0.844914 -0.0355791 85.526 0.834201 0.532921 -0.141787 19.9631 0.138759 0.0459942 0.989258 3.05474
0.53067 -0.846875 -0.0345361 85.9511 0.836413 0.529836 -0.140308 20.6638 0.137121 0.0455705 0.989505 3.1748
0.533709 -0.844888 -0.036318 86.4445 0.834477 0.533124 -0.13938 21.2984 0.137123 0.0440821 0.989573 3.31122
0.532607 -0.845507 -0.0380471 86.875 0.835043 0.53228 -0.139214 22.0052 0.137958 0.0423754 0.989531 3.43179
0.533744 -0.844632 -0.0414017 87.2794 0.833744 0.533786 -0.14122 22.7208 0.141378 0.0408567 0.989112 3.59704
0.534006 -0.844253 -0.0455525 87.7124 0.833104 0.53461 -0.141882 23.438 0.144137 0.0378158 0.988835 3.72424
0.534045 -0.844142 -0.0471142 88.1783 0.833146 0.534927 -0.14043 24.1314 0.143745 0.0357429 0.988969 3.82463
0.536058 -0.842672 -0.0504682 88.6453 0.831897 0.537474 -0.138088 24.8545 0.143488 0.0320387 0.989133 3.9633
0.538326 -0.841051 -0.0532805 89.0922 0.830784 0.540239 -0.133941 25.5489 0.141436 0.0278394 0.989556 4.06155
0.539192 -0.840543 -0.052531 89.5591 0.830032 0.540935 -0.13578 26.2641 0.142544 0.0296088 0.989345 4.21304
0.537787 -0.841763 -0.0471236 90.0185 0.830496 0.538553 -0.142257 27.0103 0.145126 0.0373682 0.988707 4.35345
0.538748 -0.841379 -0.0428015 90.4565 0.829804 0.538741 -0.145545 27.7222 0.145517 0.0428953 0.988425 4.46388
0.537298 -0.842171 -0.0453825 90.898 0.830708 0.537747 -0.144055 28.4695 0.145724 0.0397011 0.988528 4.60096
0.539685 -0.840843 -0.0415174 91.3944 0.829162 0.539429 -0.146649 29.1869 0.145704 0.0447194 0.988317 4.77229
0.539472 -0.840833 -0.0443899 91.8088 0.829528 0.539781 -0.143249 29.9186 0.14441 0.0404564 0.988691 4.893
0.540845 -0.839893 -0.0454595 92.2769 0.829478 0.54154 -0.136755 30.6836 0.139478 0.0362555 0.989561 4.98794
0.540735 -0.839798 -0.0484216 92.7144 0.82991 0.541994 -0.132258 31.4309 0.137315 0.0313311 0.990032 5.17137
0.541283 -0.839048 -0.0548724 93.1565 0.827173 0.543068 -0.144436 32.1053 0.150988 0.0327917 0.987992 5.30067
0.540466 -0.839544 -0.0553437 93.5827 0.825718 0.541893 -0.156659 32.8173 0.161512 0.0389704 0.986101 5.46869
0.544362 -0.836852 -0.05787 94.0522 0.82087 0.545632 -0.168699 33.4397 0.172752 0.0443297 0.983967 5.663
0.542465 -0.837965 -0.0595535 94.4551 0.820825 0.543789 -0.174756 34.0918 0.178824 0.0459159 0.982809 5.80355
0.538417 -0.840664 -0.058239 94.811 0.824149 0.539732 -0.17166 34.7069 0.175742 0.044427 0.983433 5.86841
0.538584 -0.840633 -0.0571254 95.2513 0.823906 0.539633 -0.173136 35.3711 0.176371 0.0461824 0.98324 5.9215
0.537219 -0.841478 -0.0575349 95.6791 0.825255 0.538499 -0.170213 36.0614 0.174213 0.0439606 0.983726 6.07066
0.535677 -0.842122 -0.0622986 96.0868 0.825916 0.53787 -0.168995 36.733 0.175823 0.0390732 0.983646 6.31402
0.53394 -0.842687 -0.069181 96.4828 0.826085 0.53736 -0.16979 37.4127 0.180255 0.0335084 0.983049 6.56133
0.533065 -0.843218 -0.0694603 96.9211 0.826849 0.536596 -0.168483 38.092 0.17934 0.0323792 0.983254 6.7227
0.528457 -0.846316 -0.0669424 97.371 0.830744 0.531755 -0.164622 38.8032 0.174919 0.0313837 0.984082 6.83799
0.527656 -0.846779 -0.0674137 97.7192 0.830796 0.530979 -0.166853 39.523 0.177083 0.032034 0.983674 6.96832
0.49517 -0.866264 -0.066277 98.0007 0.850657 0.498926 -0.165699 40.2934 0.176606 0.02567 0.983947 7.14173
0.469771 -0.880139 -0.0683414 98.3509 0.865234 0.474409 -0.162192 41.0703 0.175173 0.0170616 0.98439 7.30237
0.444263 -0.893067 -0.0711439 98.7665 0.878492 0.449834 -0.16094 41.8955 0.175733 0.00900049 0.984397 7.43375
0.424965 -0.902487 -0.0701612 99.1494 0.888009 0.430674 -0.161123 42.6342 0.175628 0.00616804 0.984437 7.54991
0.407829 -0.910893 -0.0628441 99.5886 0.896742 0.412545 -0.160187 43.4088 0.171839 0.00897402 0.985084 7.72877
0.399759 -0.91501 -0.0543063 100.087 0.901202 0.403165 -0.159036 44.2565 0.167414 0.0146353 0.985778 7.92204
0.39255 -0.91828 -0.0516448 100.569 0.905076 0.39567 -0.155831 45.1394 0.163531 0.0144291 0.986433 8.01542
0.387827 -0.920236 -0.052505 100.977 0.905578 0.391029 -0.164391 45.9683 0.17181 0.016208 0.984997 8.14842
0.384333 -0.922394 -0.0384445 101.316 0.907345 0.38509 -0.168617 46.7631 0.170336 0.0299225 0.984932 8.35489
0.379421 -0.924325 -0.0407845 101.602 0.909565 0.380712 -0.166586 47.5309 0.169506 0.0261098 0.985183 8.48072
0.372931 -0.927203 -0.034883 101.881 0.913498 0.373489 -0.161332 48.2538 0.162616 0.0283002 0.986283 8.61956
0.369813 -0.92848 -0.034102 102.142 0.915745 0.370452 -0.155485 48.9427 0.156998 0.0262717 0.987249 8.76322
0.369246 -0.928596 -0.0369755 102.411 0.916689 0.370475 -0.149763 49.7159 0.152768 0.0214045 0.98803 8.95801
0.365504 -0.929507 -0.0492388 102.634 0.915447 0.368539 -0.161663 50.4922 0.168413 0.0140128 0.985617 9.06266
0.360444 -0.931545 -0.0479951 102.872 0.915898 0.363196 -0.170938 51.2296 0.176669 0.017655 0.984112 9.26906
0.354815 -0.933414 -0.0533371 103.097 0.918217 0.358643 -0.168086 51.9776 0.176023 0.0106645 0.984328 9.38417
0.352032 -0.93462 -0.0505759 103.411 0.919247 0.355405 -0.169331 52.7091 0.176235 0.0131181 0.984261 9.52519
0.3461 -0.936751 -0.0520827 103.639 0.922097 0.349876 -0.165299 53.494 0.173067 0.00918483 0.984867 9.66744
0.339606 -0.938898 -0.0560176 103.902 0.924902 0.344181 -0.161543 54.2432 0.170953 0.00305025 0.985274 9.81596
0.332526 -0.941022 -0.0624861 104.174 0.926485 0.338332 -0.164795 54.9947 0.176217 -0.00309366 0.984347 9.95624
0.324472 -0.944367 -0.0537564 104.462 0.928773 0.328848 -0.170997 55.6823 0.179162 0.00555631 0.983804 10.1249
0.316617 -0.947132 -0.05191 104.737 0.931263 0.320782 -0.172765 56.468 0.180283 0.0063587 0.983594 10.2706
0.314155 -0.94798 -0.0513848 104.959 0.933674 0.318309 -0.16411 57.2379 0.17193 0.00357942 0.985103 10.3317
0.311241 -0.948922 -0.0517257 105.198 0.935427 0.315507 -0.159472 57.9794 0.167646 0.00124852 0.985846 10.4795
0.304621 -0.951159 -0.0500268 105.446 0.937892 0.308699 -0.158312 58.701 0.166024 0.00130552 0.986121 10.6506
0.299535 -0.952895 -0.0476544 105.697 0.939362 0.303285 -0.160055 59.4273 0.166968 0.00317732 0.985957 10.8312
0.296334 -0.953902 -0.0475047 105.932 0.939982 0.300098 -0.162405 60.2073 0.169175 0.00347263 0.98558 10.9875
0.294211 -0.954335 -0.0518141 106.157 0.939611 0.298739 -0.166994 60.9672 0.174847 0.000446606 0.984595 11.1464
0.290611 -0.955097 -0.0577531 106.34 0.93965 0.296259 -0.17114 61.6798 0.180565 -0.00453262 0.983553 11.2847
0.289263 -0.95544 -0.0588317 106.603 0.940328 0.295118 -0.169381 62.4421 0.179195 -0.00632547 0.983793 11.4012
0.283117 -0.957308 -0.058357 106.85 0.942675 0.288965 -0.16692 63.1802 0.176657 -0.00775383 0.984242 11.5278
0.280873 -0.958054 -0.0569393 107.084 0.944519 0.286456 -0.16071 63.9631 0.170279 -0.00864123 0.985358 11.7019
0.278695 -0.958869 -0.0538389 107.28 0.948118 0.283634 -0.14361 64.7788 0.152973 -0.0110224 0.988169 11.8714
0.273177 -0.961479 -0.0305419 107.467 0.948496 0.27451 -0.158111 65.5505 0.160404 0.0142233 0.986949 12.1051
0.268744 -0.963036 -0.0184118 107.652 0.947601 0.267768 -0.174221 66.317 0.172711 0.0293739 0.984534 12.2465
0.264441 -0.963836 -0.0330272 107.835 0.947804 0.266063 -0.175719 67.0851 0.178152 0.0151639 0.983886 12.303
0.25925 -0.964794 -0.0442889 108.042 0.948556 0.26298 -0.176302 67.8604 0.181742 0.00369586 0.983339 12.4595
0.247322 -0.967772 -0.0474293 108.303 0.952926 0.251806 -0.168898 68.6054 0.175398 -0.00342433 0.984492 12.5458
0.245315 -0.966623 -0.0738943 108.491 0.95229 0.254549 -0.16837 69.3923 0.18156 -0.0290651 0.98295 12.6065
0.241349 -0.966997 -0.08165 108.669 0.952871 0.252076 -0.168801 70.12 0.183812 -0.037062 0.982262 12.75
0.23875 -0.969115 -0.061765 108.866 0.954324 0.24592 -0.169673 70.8538 0.179622 -0.0184343 0.983563 12.9889
0.23355 -0.971718 -0.0349009 109.087 0.955964 0.236028 -0.174425 71.5883 0.17773 0.00737303 0.984052 13.2678
0.227376 -0.973544 -0.0226456 109.313 0.957175 0.227711 -0.178781 72.3469 0.179208 0.0189747 0.983628 13.4481
0.221609 -0.974971 -0.0179149 109.512 0.958053 0.221114 -0.182329 73.0991 0.181727 0.0232424 0.983074 13.5322
0.215174 -0.976097 -0.0305576 109.703 0.95992 0.217155 -0.177192 73.9437 0.179593 0.00879446 0.983702 13.6537
0.213322 -0.976531 -0.0296648 109.891 0.962154 0.215258 -0.167105 74.7952 0.169569 0.0071052 0.985493 13.8019
0.208664 -0.977545 -0.0294145 110.015 0.964697 0.210677 -0.158033 75.5818 0.160682 0.00459989 0.986996 13.9295
0.205066 -0.978293 -0.0298385 110.181 0.965308 0.207191 -0.158909 76.3639 0.161642 0.00378365 0.986842 14.1375
0.202586 -0.978724 -0.0325447 110.382 0.963109 0.205145 -0.174173 77.2109 0.177143 0.00394079 0.984177 14.3166
0.199184 -0.979116 -0.040715 110.539 0.962717 0.20327 -0.178489 78.0192 0.183037 -0.00364486 0.983099 14.4783
0.197751 -0.97924 -0.0445277 110.726 0.962188 0.202587 -0.182081 78.8134 0.187321 -0.00683746 0.982275 14.6219
0.194826 -0.980478 -0.0265557 110.95 0.964861 0.19645 -0.174502 79.6537 0.176313 0.00837518 0.984299 14.6929
0.194046 -0.980306 -0.0366808 111.157 0.966241 0.197455 -0.165502 80.4869 0.169486 -0.0033274 0.985527 14.8481
0.193402 -0.98041 -0.0373084 111.338 0.966715 0.196916 -0.163357 81.2737 0.167503 -0.00447316 0.985861 15.0814
0.191763 -0.980698 -0.0381769 111.454 0.96631 0.195468 -0.167441 82.0782 0.171672 -0.00478176 0.985143 15.2398
0.189484 -0.981305 -0.033705 111.622 0.965478 0.192457 -0.175533 82.837 0.178739 0.000719212 0.983896 15.4719
0.185751 -0.981878 -0.0375678 111.798 0.963958 0.189506 -0.186742 83.6346 0.190477 -0.00152639 0.981691 15.6189
0.176374 -0.983855 -0.0303542 112.003 0.968031 0.17896 -0.175755 84.4753 0.178349 0.00161487 0.983966 15.7012
0.176579 -0.983303 -0.0439956 112.281 0.966446 0.181676 -0.181592 85.2698 0.186553 -0.0104541 0.982389 15.7706
0.176517 -0.982759 -0.0550157 112.498 0.96604 0.183688 -0.181731 86.0678 0.188703 -0.0210687 0.981808 15.9259
0.176321 -0.982628 -0.0578976 112.623 0.967292 0.183866 -0.174753 86.9046 0.182362 -0.0251913 0.982909 16.0849
0.175562 -0.983054 -0.0527501 112.729 0.967877 0.182152 -0.173307 87.7084 0.179978 -0.0206294 0.983454 16.3297
0.172866 -0.983933 -0.0446483 112.852 0.966309 0.178197 -0.185723 88.4953 0.190695 -0.0110389 0.981587 16.4832
0.171929 -0.983547 -0.0554547 112.964 0.966536 0.179299 -0.183465 89.2865 0.190389 -0.0220561 0.981461 16.6579
0.174705 -0.98364 -0.0439333 113.128 0.967986 0.17975 -0.175193 90.1086 0.180224 -0.0119197 0.983553 16.8428
0.176981 -0.983304 -0.0423195 113.283 0.968418 0.181652 -0.170792 90.961 0.175628 -0.0107561 0.984398 16.9244
0.177426 -0.983051 -0.0461647 113.401 0.968662 0.18273 -0.168239 91.7881 0.173823 -0.014868 0.984665 17.0903
0.177242 -0.983043 -0.0470245 113.561 0.968212 0.182738 -0.170799 92.5586 0.176496 -0.015257 0.984183 17.2935
0.175822 -0.983453 -0.0436626 113.719 0.967733 0.180803 -0.175509 93.3374 0.180499 -0.0113954 0.983509 17.4932
0.174702 -0.983398 -0.0490738 113.901 0.967214 0.18073 -0.178422 94.1059 0.184329 -0.0162943 0.98273 17.6192
0.172719 -0.98375 -0.0490411 114.051 0.967571 0.178774 -0.178452 94.8907 0.18432 -0.0166287 0.982726 17.8024
0.170821 -0.984102 -0.0486144 114.222 0.969312 0.176697 -0.170916 95.6659 0.176789 -0.0179265 0.984086 17.8887
0.169454 -0.984246 -0.0504491 114.395 0.972031 0.175358 -0.156221 96.4054 0.162607 -0.0225659 0.986433 18.0617
0.165815 -0.984673 -0.0540791 114.499 0.965239 0.173289 -0.195664 97.1115 0.202037 -0.0197551 0.979179 18.1929
0.166835 -0.984241 -0.0586088 114.644 0.956863 0.175962 -0.231194 97.8736 0.237863 -0.0175093 0.971141 18.287
0.174835 -0.983674 -0.0426357 114.784 0.956634 0.179957 -0.229055 98.6417 0.232989 -0.000739783 0.972479 18.4983
0.176136 -0.982662 -0.0578891 114.909 0.958185 0.184628 -0.218621 99.3932 0.225518 -0.0169615 0.974091 18.6531
0.179141 -0.982509 -0.050846 115.085 0.960608 0.185841 -0.20663 100.103 0.212465 -0.0118272 0.977097 18.8523
0.180007 -0.98276 -0.0421861 115.221 0.964145 0.184774 -0.190479 100.769 0.194991 -0.00638591 0.980784 19.0709
0.181104 -0.982729 -0.0380261 115.363 0.965661 0.185016 -0.182394 101.441 0.186279 -0.0036881 0.98249 19.1779
0.184428 -0.981675 -0.0479577 115.502 0.965568 0.190079 -0.177619 102.109 0.18348 -0.0135485 0.98293 19.1801
0.184294 -0.982785 -0.013025 115.709 0.965171 0.183463 -0.186513 102.753 0.185692 0.0218019 0.982366 19.2358
0.184866 -0.982754 -0.00444394 115.853 0.964657 0.182322 -0.190253 103.464 0.187782 0.0308844 0.981725 19.2533
0.18917 -0.981742 -0.0199266 115.918 0.96381 0.18952 -0.187489 104.172 0.187843 0.0162618 0.982064 19.3279
0.191466 -0.981469 -0.00774827 115.996 0.960779 0.189032 -0.202907 104.842 0.200611 0.0314055 0.979167 19.4876
0.205248 -0.978477 -0.0213785 116.011 0.955689 0.205082 -0.211186 105.498 0.211025 0.0229143 0.977212 19.7266
0.21568 -0.976122 -0.0258611 116.063 0.953989 0.216291 -0.207661 106.11 0.208296 0.0201171 0.977859 19.8869
0.220956 -0.974842 -0.0293553 116.156 0.954861 0.222359 -0.196969 106.732 0.198541 0.0154913 0.97997 20.0499
0.22488 -0.973829 -0.0329634 116.24 0.95629 0.227066 -0.184258 107.375 0.18692 0.00991318 0.982325 20.1394
0.230547 -0.972622 -0.0292311 116.36 0.95724 0.232092 -0.172702 107.976 0.174758 0.0118348 0.98454 20.2295
0.239415 -0.970471 -0.0294429 116.424 0.94853 0.240261 -0.206312 108.599 0.207294 0.0214666 0.978043 20.3366
0.243352 -0.969847 -0.0132731 116.514 0.940977 0.239383 -0.239285 109.314 0.235247 0.0457408 0.970859 20.4764
0.242028 -0.970098 -0.0182076 116.549 0.936787 0.238522 -0.256004 110.083 0.252692 0.0449037 0.966504 20.6636
0.242088 -0.969964 -0.0237197 116.603 0.935179 0.23978 -0.260663 110.762 0.258521 0.0409212 0.965138 20.8202
0.24401 -0.969726 -0.0095489 116.718 0.932626 0.237351 -0.271796 111.364 0.265834 0.0574155 0.962307 20.9882
