0.480166 -0.876048 0.0445138 -0.693922 0.877177 0.479629 -0.0227389 -0.545465 -0.00142977 0.0499649 0.99875 -0.78522
0.480166 -0.876048 0.0445138 -0.693922 0.877177 0.479629 -0.0227389 -0.545465 -0.00142977 0.0499649 0.99875 -0.78522
0.479791 -0.876263 0.0443203 -0.654067 0.877382 0.479261 -0.0225739 -0.453799 -0.00146034 0.0497166 0.998762 -0.782255
0.477562 -0.878026 0.0317094 -0.625971 0.878598 0.477223 -0.0180076 -0.419347 0.000678739 0.0364595 0.999335 -0.787887
0.474788 -0.879882 0.0195757 -0.546541 0.880098 0.474617 -0.0129373 -0.299345 0.0020923 0.023371 0.999725 -0.786139
0.467326 -0.883677 0.0268464 -0.447568 0.884079 0.46722 -0.0104833 -0.193917 -0.00327932 0.0286335 0.999585 -0.811177
0.45967 -0.887529 0.0315628 -0.442377 0.888059 0.459659 -0.00803474 -0.053758 -0.00737707 0.031723 0.999469 -0.821462
0.450159 -0.890793 0.0620026 -0.413454 0.892879 0.448173 -0.043689 0.157545 0.01113 0.0750279 0.997119 -0.7853
0.445941 -0.888852 0.105254 -0.453652 0.894413 0.438048 -0.0902192 0.398924 0.0340851 0.134373 0.990344 -0.740244
0.445958 -0.883325 0.144421 -0.450904 0.893363 0.42937 -0.132456 0.570358 0.0549917 0.18809 0.980611 -0.621626
0.444288 -0.877317 0.181444 -0.487788 0.892826 0.416876 -0.170516 0.647106 0.0739568 0.237756 0.968505 -0.490651
0.443299 -0.869506 0.217819 -0.471263 0.891913 0.40366 -0.203835 0.636719 0.0893111 0.284636 0.954466 -0.385947
0.448539 -0.856635 0.254929 -0.445114 0.887825 0.394224 -0.237391 0.709007 0.102859 0.332811 0.937367 -0.280753
0.452638 -0.85488 0.253572 -0.449104 0.885079 0.396156 -0.244328 0.827 0.108416 0.335024 0.935951 -0.235849
0.455902 -0.853513 0.252326 -0.375547 0.88275 0.397436 -0.250591 1.00843 0.113599 0.336986 0.934631 -0.193496
0.453755 -0.860481 0.231688 -0.372487 0.886642 0.409895 -0.214131 1.14673 0.0892878 0.302587 0.94893 -0.128437
0.450596 -0.868984 0.204522 -0.301552 0.890264 0.420394 -0.175208 1.24373 0.0662733 0.261027 0.963054 -0.0117716
0.444859 -0.876997 0.181592 -0.139044 0.89448 0.424933 -0.139062 1.33011 0.0447921 0.224294 0.973492 0.129236
0.440652 -0.881735 0.168433 0.0297076 0.89738 0.42785 -0.107946 1.49901 0.023116 0.198715 0.979785 0.208558
0.435847 -0.886035 0.158049 0.155474 0.90002 0.42883 -0.0779005 1.58191 0.00124638 0.1762 0.984354 0.266232
0.432736 -0.885973 0.166709 0.217814 0.901302 0.429246 -0.0583366 1.65977 -0.0198746 0.1755 0.984279 0.248297
0.430192 -0.885946 0.173303 0.308212 0.90184 0.430327 -0.0387645 1.81677 -0.0402336 0.172968 0.984105 0.174489
0.433842 -0.886965 0.158348 0.365465 0.900545 0.432395 -0.0453138 1.93707 -0.0282772 0.162259 0.986343 0.0164142
0.435352 -0.888007 0.148028 0.375284 0.900159 0.431839 -0.0568138 1.99593 -0.0134732 0.157983 0.98735 -0.0803983
0.437264 -0.891248 0.120319 0.348101 0.899266 0.431669 -0.0705813 2.12325 0.0109674 0.139062 0.990223 -0.115609
0.438306 -0.893866 0.0942929 0.371127 0.898093 0.431298 -0.0860851 2.33821 0.0362803 0.122415 0.991816 -0.152349
0.437613 -0.897373 0.0567198 0.40438 0.897383 0.43191 -0.0903193 2.56846 0.0565523 0.0904243 0.994296 -0.127442
0.4351 -0.900152 0.0203559 0.535816 0.897317 0.431643 -0.0922301 2.79629 0.0742346 0.058395 0.99553 -0.114709
0.432237 -0.901752 -0.00387107 0.671519 0.896992 0.430388 -0.100856 2.9252 0.0926131 0.0401213 0.994893 -0.0955072
0.432425 -0.90075 -0.0407115 0.73469 0.89474 0.434251 -0.104245 3.07869 0.111577 0.00865183 0.993718 -0.135291
0.431722 -0.89963 -0.0654348 0.83414 0.893227 0.43649 -0.107806 3.29121 0.125547 -0.0119059 0.992016 -0.244166
0.425427 -0.900614 -0.0889208 0.989636 0.89368 0.433563 -0.11558 3.50538 0.142646 -0.0302959 0.98931 -0.434302
0.421045 -0.901959 -0.0958694 1.05633 0.894368 0.430443 -0.121757 3.70932 0.151086 -0.0344773 0.987919 -0.587395
0.416863 -0.903278 -0.101561 1.08102 0.895008 0.427398 -0.127637 3.82797 0.158699 -0.0376909 0.986607 -0.765825
0.416126 -0.902715 -0.109294 1.16336 0.893892 0.428144 -0.132852 3.89228 0.166721 -0.0424139 0.985091 -0.882916
0.413536 -0.905145 -0.0984933 1.25352 0.894763 0.424027 -0.139999 4.02725 0.168483 -0.0302338 0.985241 -0.930585
0.413724 -0.906818 -0.0807073 1.25883 0.894722 0.42138 -0.148027 4.15381 0.168242 -0.0109684 0.985685 -1.03167
0.420161 -0.905474 -0.0598511 1.27663 0.89168 0.424203 -0.157984 4.37427 0.16844 0.0130108 0.985626 -1.09928
0.425826 -0.903589 -0.0468867 1.25315 0.88861 0.427403 -0.166429 4.5868 0.170423 0.0292057 0.984938 -1.07434
0.431458 -0.900948 -0.0462275 1.21982 0.884764 0.432602 -0.173341 4.73116 0.176169 0.0338889 0.983776 -0.975823
0.431198 -0.900851 -0.0503644 1.28666 0.884249 0.433029 -0.1749 4.87004 0.179368 0.0308818 0.983297 -0.883615
0.433345 -0.89909 -0.062047 1.33848 0.882332 0.437276 -0.174009 5.08747 0.183582 0.02066 0.982787 -0.850199
0.43476 -0.897912 -0.0688284 1.41751 0.880856 0.439905 -0.174861 5.28081 0.187288 0.0153948 0.982184 -0.909607
0.438669 -0.895536 -0.0747391 1.56871 0.878149 0.44484 -0.175989 5.40385 0.190851 0.0115688 0.981551 -0.968235
0.443784 -0.892749 -0.0778073 1.78818 0.875452 0.450451 -0.175153 5.58697 0.191416 0.0096136 0.981462 -0.983967
0.447101 -0.891032 -0.0785111 2.04287 0.875261 0.453902 -0.167006 5.71674 0.184444 0.00595091 0.982825 -0.921376
0.447585 -0.890439 -0.0823745 2.2337 0.875889 0.455102 -0.160313 5.91334 0.180238 -0.000397138 0.983623 -0.823634
0.446485 -0.890194 -0.0905884 2.34525 0.87792 0.455382 -0.147931 6.07577 0.17294 -0.0134802 0.98484 -0.676682
0.446076 -0.889276 -0.101012 2.38155 0.879336 0.456491 -0.135585 6.30584 0.166684 -0.0283427 0.985603 -0.543773
0.445771 -0.888374 -0.109905 2.46998 0.880607 0.457252 -0.124305 6.6174 0.160683 -0.0413718 0.986139 -0.385278
0.44802 -0.886497 -0.115763 2.61285 0.880551 0.459948 -0.11436 6.84754 0.154625 -0.0506996 0.986672 -0.232484
0.45163 -0.884119 -0.119846 2.80874 0.879238 0.463851 -0.108551 7.16011 0.151563 -0.0563482 0.98684 -0.104149
0.451242 -0.881697 -0.137806 2.90683 0.879231 0.465682 -0.100465 7.47085 0.152753 -0.075829 0.985351 0.0277388
0.450878 -0.880955 -0.143626 2.99633 0.879304 0.466036 -0.0981582 7.7617 0.153408 -0.0820335 0.984752 0.062286
0.448109 -0.880781 -0.153045 3.16379 0.880629 0.464375 -0.0940602 7.99251 0.153917 -0.0926263 0.983733 0.113656
0.445115 -0.88472 -0.13836 3.35152 0.882293 0.459709 -0.101128 8.3082 0.153075 -0.077061 0.985205 0.124289
0.437825 -0.886867 -0.147564 3.6329 0.884356 0.454387 -0.106986 8.62726 0.161934 -0.0836578 0.983249 0.116808
0.432578 -0.888182 -0.154948 3.8168 0.885545 0.45084 -0.11204 8.97577 0.169369 -0.0887472 0.981549 0.124427
0.432093 -0.891993 -0.132833 3.99289 0.885616 0.447501 -0.124206 9.41677 0.170234 -0.0639708 0.983325 0.159668
0.43961 -0.889587 -0.124012 4.11684 0.883065 0.453298 -0.121312 9.91323 0.164132 -0.0561806 0.984837 0.258573
0.449193 -0.885765 -0.116819 4.29207 0.879341 0.461444 -0.117594 10.3223 0.158066 -0.0499011 0.986167 0.339447
0.442547 -0.890141 -0.108638 4.50615 0.883891 0.453429 -0.114628 10.8197 0.151295 -0.0452958 0.98745 0.438197
0.438889 -0.891765 -0.110143 4.7662 0.88599 0.449911 -0.112254 11.2768 0.149659 -0.0483181 0.987556 0.608364
0.440228 -0.890543 -0.114599 5.03318 0.88544 0.451753 -0.109158 11.8326 0.14898 -0.0534158 0.987396 0.79847
0.440992 -0.889614 -0.118796 5.34138 0.884197 0.453342 -0.112589 12.3957 0.154016 -0.0553881 0.986515 0.897348
0.442534 -0.888085 -0.124373 5.72336 0.881139 0.456394 -0.123687 12.9558 0.166608 -0.0548539 0.984496 0.932049
0.44164 -0.887531 -0.131308 6.05856 0.880703 0.456786 -0.125334 13.5597 0.171218 -0.0602904 0.983387 1.04971
0.439974 -0.888338 -0.131449 6.35594 0.882038 0.454979 -0.122488 14.1242 0.168617 -0.0620511 0.983727 1.14711
0.439168 -0.889121 -0.128822 6.61421 0.88249 0.4538 -0.123598 14.6441 0.168353 -0.059404 0.983935 1.32325
0.439903 -0.8893 -0.125021 6.89947 0.881246 0.454272 -0.130545 15.1694 0.172887 -0.0527476 0.983528 1.45221
0.440046 -0.889537 -0.122819 7.20011 0.880832 0.454186 -0.133601 15.6636 0.174625 -0.0493922 0.983395 1.51573
0.442427 -0.888882 -0.118938 7.53431 0.879211 0.456057 -0.137838 16.2508 0.176764 -0.0435883 0.983288 1.59345
0.448248 -0.885383 -0.123172 7.80641 0.876536 0.462377 -0.133762 16.8579 0.175383 -0.0480061 0.983329 1.74574
0.447789 -0.885026 -0.127333 8.14901 0.877285 0.46239 -0.128708 17.39 0.172787 -0.0540732 0.983474 1.88614
0.453733 -0.882013 -0.127194 8.41516 0.874907 0.468026 -0.124458 17.8905 0.169304 -0.054812 0.984039 1.96942
0.461658 -0.879762 -0.113539 8.73487 0.871442 0.473711 -0.127222 18.4321 0.16571 -0.04021 0.985354 2.08427
0.473206 -0.875174 -0.100727 9.08682 0.865522 0.483175 -0.131961 18.8753 0.164158 -0.024737 0.986124 2.20321
0.488273 -0.866221 -0.106068 9.44241 0.85653 0.49896 -0.131892 19.2164 0.167171 -0.0264506 0.985573 2.32839
0.499458 -0.85867 -0.11501 9.7115 0.849684 0.511426 -0.128378 19.5699 0.169054 -0.0336028 0.985034 2.42228
0.515958 -0.846668 -0.130158 10.0755 0.839225 0.530075 -0.121336 19.952 0.171725 -0.0466274 0.984041 2.54337
0.528963 -0.838472 -0.131004 10.5027 0.830873 0.543104 -0.121193 20.2993 0.172766 -0.0447418 0.983946 2.59129
0.543847 -0.829828 -0.124964 10.922 0.820741 0.557012 -0.126969 20.6391 0.174969 -0.0335118 0.984004 2.7381
0.549875 -0.827351 -0.114582 11.3666 0.818886 0.561026 -0.121142 21.0599 0.16451 -0.0272165 0.986 2.84605
0.564086 -0.819205 -0.10349 11.8974 0.811726 0.57313 -0.112353 21.4243 0.151353 -0.0206289 0.988264 2.94065
0.577979 -0.809941 -0.0996809 12.4458 0.803371 0.586187 -0.104784 21.746 0.143301 -0.0195176 0.989487 3.11828
0.59678 -0.793476 -0.119372 13.043 0.786098 0.607986 -0.11137 22.0186 0.160946 -0.0273749 0.986584 3.23983
0.617306 -0.776886 -0.124024 13.6848 0.766331 0.629446 -0.128583 22.2202 0.177961 -0.0156679 0.983913 3.44618
0.63889 -0.758994 -0.12549 14.3678 0.746043 0.651083 -0.139678 22.42 0.187719 -0.00438233 0.982213 3.56666
0.662307 -0.740358 -0.114974 15.1525 0.728323 0.672199 -0.133022 22.6015 0.175769 0.00436348 0.984422 3.67215
0.688527 -0.715444 -0.118619 15.9304 0.704043 0.698658 -0.12728 22.7933 0.173936 0.00412269 0.984748 3.78416
0.717208 -0.687333 -0.11483 16.665 0.675684 0.726221 -0.126706 22.8792 0.170482 0.0132859 0.985271 3.85791
0.748759 -0.653377 -0.111616 17.3113 0.641005 0.756618 -0.129 22.9716 0.168736 0.0250432 0.985343 3.94061
0.779397 -0.616718 -0.110448 17.8671 0.603633 0.786376 -0.131304 23.0634 0.167832 0.0356679 0.98517 4.03104
0.808477 -0.578097 -0.110313 18.3401 0.564529 0.814744 -0.132284 23.0792 0.16635 0.0446738 0.985054 4.11841
0.839003 -0.533088 -0.109044 18.7283 0.520339 0.844655 -0.12572 23.0582 0.159125 0.0487399 0.986055 4.15372
0.866718 -0.486423 -0.110417 19.0607 0.473219 0.87185 -0.126257 23.0874 0.157681 0.0571774 0.985833 4.22975
0.897703 -0.427434 -0.106906 19.3688 0.413311 0.901004 -0.131781 23.1937 0.15265 0.0741151 0.985497 4.30693
0.921445 -0.374566 -0.103151 19.6911 0.360134 0.923094 -0.13491 23.3777 0.145751 0.087164 0.985474 4.38684
0.939526 -0.327692 -0.0995439 19.9434 0.313937 0.940211 -0.132086 23.521 0.136876 0.0928477 0.986227 4.41055
0.954878 -0.279776 -0.0996627 20.2827 0.266303 0.955116 -0.129756 23.5962 0.131492 0.0973605 0.986525 4.45428
0.968344 -0.229162 -0.0989639 20.7191 0.216044 0.968011 -0.127591 23.6191 0.125037 0.102171 0.986877 4.50029
0.978159 -0.183316 -0.0979827 21.1001 0.169966 0.976752 -0.130641 23.7014 0.119653 0.111134 0.986576 4.54431
0.98454 -0.148174 -0.0934143 21.4917 0.133071 0.979506 -0.151196 23.6866 0.113903 0.136428 0.98408 4.64318
0.98985 -0.110532 -0.0893269 21.8853 0.0946411 0.981596 -0.165871 23.6612 0.106017 0.155733 0.982094 4.63811
0.993167 -0.0732168 -0.0908814 22.2628 0.0557579 0.981786 -0.181625 23.6074 0.102524 0.175317 0.979159 4.72621
0.994758 -0.0337829 -0.0965132 22.6376 0.0146573 0.98121 -0.192385 23.5177 0.101199 0.189962 0.976562 4.71353
0.994737 0.00420221 -0.102373 22.9425 -0.0247965 0.97933 -0.200743 23.3412 0.099413 0.202225 0.97428 4.67802
0.993489 0.0364754 -0.107929 23.2169 -0.0588368 0.975516 -0.211912 23.2496 0.0975565 0.216882 0.971311 4.65388
0.991393 0.0640099 -0.114204 23.5181 -0.0880453 0.971573 -0.219757 23.2313 0.0968911 0.227921 0.968847 4.67666
0.988932 0.0881002 -0.11938 23.9163 -0.113399 0.967677 -0.22526 23.2209 0.0956758 0.236304 0.966957 4.71248
0.985181 0.115487 -0.126811 24.2714 -0.141478 0.965148 -0.220166 23.1403 0.0969654 0.234844 0.967185 4.81459
0.981545 0.137529 -0.132871 24.5843 -0.164181 0.962312 -0.216796 23.1387 0.0980475 0.23461 0.967132 4.89601
0.978474 0.158821 -0.131775 24.9829 -0.184408 0.959534 -0.212813 23.1268 0.0926434 0.232532 0.968166 4.92737
0.976764 0.170926 -0.129295 25.3974 -0.195959 0.956571 -0.215805 23.2031 0.0867937 0.236127 0.967838 4.97407
0.976911 0.17761 -0.118742 25.9032 -0.200252 0.954912 -0.219187 23.316 0.0744579 0.237905 0.96843 5.02381
0.976342 0.184972 -0.111988 26.4047 -0.205506 0.954859 -0.214501 23.381 0.0672564 0.232441 0.970282 5.1564
0.973391 0.199987 -0.111868 26.8193 -0.220054 0.951973 -0.212895 23.475 0.0639189 0.231847 0.97065 5.25158
0.969549 0.217415 -0.112721 27.2516 -0.237165 0.948316 -0.21083 23.4714 0.0610579 0.231144 0.971002 5.30837
0.964861 0.237305 -0.112827 27.7353 -0.256642 0.943221 -0.210876 23.3814 0.0563786 0.232422 0.97098 5.32992
0.962749 0.245586 -0.113143 28.2471 -0.264662 0.941585 -0.208259 23.3762 0.0553883 0.230446 0.971508 5.35383
0.960955 0.251721 -0.114896 28.766 -0.270911 0.940411 -0.205509 23.2677 0.0563184 0.228611 0.971887 5.36531
0.959404 0.256627 -0.116986 29.3312 -0.276074 0.939354 -0.203461 23.0677 0.057678 0.227499 0.972069 5.37126
0.96002 0.254023 -0.117617 29.9169 -0.273828 0.939433 -0.206114 22.7674 0.0581354 0.230081 0.971434 5.37879
0.959148 0.256969 -0.118328 30.4662 -0.277258 0.936977 -0.212608 22.3787 0.0562371 0.23673 0.969947 5.36445
0.959043 0.256892 -0.11934 31.0587 -0.277753 0.935531 -0.218253 22.0707 0.0555789 0.242461 0.968568 5.38252
0.956687 0.265015 -0.120491 31.7202 -0.28555 0.934812 -0.21116 21.8325 0.0566755 0.23642 0.969997 5.4083
0.955043 0.270508 -0.121319 32.2972 -0.290739 0.934635 -0.204764 21.6453 0.0579983 0.230831 0.971264 5.4353
0.954702 0.271668 -0.121407 32.9683 -0.291906 0.934229 -0.204955 21.4253 0.0577424 0.231111 0.971212 5.46036
0.956575 0.264886 -0.121653 33.703 -0.285617 0.935107 -0.209755 21.2691 0.0581976 0.235393 0.970156 5.5259
0.957411 0.261518 -0.122363 34.4113 -0.282424 0.936326 -0.208639 21.0817 0.0600085 0.234312 0.970308 5.60015
0.959676 0.255625 -0.11695 35.155 -0.275261 0.938937 -0.206468 20.8566 0.0570307 0.230334 0.971439 5.63221
0.960645 0.249603 -0.121901 35.8789 -0.270827 0.939168 -0.211227 20.6146 0.0617626 0.235928 0.969806 5.75614
0.962 0.244274 -0.122004 36.6257 -0.265743 0.940265 -0.212797 20.3964 0.0627356 0.237132 0.96945 5.78848
0.962872 0.242904 -0.117797 37.4492 -0.262463 0.944428 -0.19791 20.2012 0.0631778 0.221479 0.973116 5.88146
0.963196 0.242248 -0.116485 38.2064 -0.261474 0.944878 -0.197072 20.0094 0.0623237 0.220276 0.973444 5.9678
0.962971 0.242123 -0.118586 38.9457 -0.261645 0.945371 -0.194465 19.7985 0.0650235 0.218291 0.973715 6.03045
0.96169 0.245286 -0.122423 39.6994 -0.265393 0.944923 -0.191537 19.6178 0.0686986 0.216689 0.97382 6.07878
0.960999 0.246919 -0.124545 40.4509 -0.26726 0.944957 -0.188757 19.4265 0.0710818 0.214681 0.974094 6.13507
0.961574 0.245288 -0.123322 41.263 -0.265303 0.945749 -0.187545 19.1826 0.0706296 0.213056 0.974484 6.18281
0.960801 0.248474 -0.122969 42.022 -0.268248 0.94523 -0.185963 18.9019 0.0700267 0.21166 0.974831 6.23268
0.962807 0.242761 -0.118619 42.71 -0.262012 0.946077 -0.190494 18.6805 0.065978 0.214489 0.974495 6.24836
0.961482 0.246555 -0.121502 43.3657 -0.265083 0.948637 -0.172682 18.4829 0.072686 0.198239 0.977455 6.34945
0.960848 0.249193 -0.121133 44.0277 -0.266861 0.949912 -0.162643 18.2873 0.0745361 0.1886 0.979221 6.35614
0.964077 0.250555 -0.0881978 44.6195 -0.261154 0.954736 -0.142398 18.0871 0.0485271 0.160316 0.985872 6.42692
0.965328 0.245069 -0.0899057 45.2362 -0.25702 0.952525 -0.163211 17.8447 0.0456393 0.18066 0.982486 6.54847
0.964851 0.247674 -0.0878631 45.9111 -0.259818 0.949215 -0.17744 17.6319 0.0394537 0.194032 0.980202 6.5906
0.962988 0.253217 -0.0923869 46.654 -0.266295 0.94681 -0.180659 17.4626 0.041727 0.198574 0.979197 6.5726
0.961237 0.258151 -0.0968638 47.4406 -0.272089 0.944966 -0.18168 17.2554 0.0446321 0.200993 0.978575 6.56545
0.959076 0.264502 -0.101058 48.2045 -0.279011 0.943618 -0.178153 17.0121 0.0482386 0.199059 0.9788 6.6243
0.956952 0.271422 -0.102825 48.9589 -0.286081 0.941849 -0.17629 16.7533 0.0489965 0.198117 0.978953 6.66519
0.954702 0.279129 -0.103104 49.7003 -0.293667 0.939721 -0.175172 16.4954 0.0479935 0.197515 0.979124 6.71854
0.951825 0.288119 -0.104955 50.4318 -0.302971 0.936424 -0.176971 16.2321 0.0472939 0.200244 0.978604 6.74563
0.949258 0.296851 -0.103867 51.1756 -0.311561 0.932656 -0.181886 15.9969 0.0428789 0.205018 0.977819 6.78194
0.94631 0.305922 -0.104449 51.902 -0.320485 0.930118 -0.179358 15.7612 0.0422804 0.203202 0.978224 6.8632
0.941566 0.320414 -0.103867 52.6514 -0.33458 0.925274 -0.178675 15.4249 0.038855 0.202986 0.97841 6.92095
0.938243 0.329284 -0.106175 53.4721 -0.343821 0.92162 -0.180014 15.1396 0.0385771 0.205401 0.977917 6.99297
0.935911 0.335455 -0.107424 54.3154 -0.350265 0.918552 -0.183239 14.8714 0.0372062 0.209123 0.977181 7.02843
0.932975 0.343187 -0.108533 55.0638 -0.358098 0.915468 -0.183534 14.6335 0.0363716 0.210098 0.977004 7.06425
0.928881 0.354014 -0.108876 55.835 -0.368755 0.911437 -0.182488 14.3253 0.0346304 0.209658 0.977161 7.09792
0.924527 0.365053 -0.109478 56.6042 -0.379671 0.907195 -0.181239 14.0437 0.0331555 0.209126 0.977326 7.14969
0.921239 0.372925 -0.110656 57.3105 -0.387684 0.903542 -0.182517 13.8114 0.031917 0.211042 0.976956 7.19512
0.918151 0.380739 -0.109713 58.007 -0.395187 0.900015 -0.18385 13.5434 0.0287445 0.212159 0.976812 7.22648
0.915382 0.387288 -0.109928 58.6876 -0.401702 0.896756 -0.185644 13.2215 0.0266809 0.214093 0.976449 7.26585
0.913675 0.390972 -0.111084 59.3936 -0.405592 0.894747 -0.186874 12.9195 0.0263295 0.215797 0.976083 7.31834
0.911426 0.397671 -0.105646 60.0342 -0.411013 0.891932 -0.188482 12.629 0.0192752 0.215209 0.976378 7.29551
0.908749 0.403334 -0.107224 60.6349 -0.416951 0.888551 -0.191388 12.3315 0.0180805 0.218631 0.97564 7.35989
0.910476 0.399698 -0.106186 61.2864 -0.413222 0.889651 -0.194341 12.1013 0.0167908 0.220821 0.97517 7.37859
0.909964 0.400832 -0.106298 61.9052 -0.414427 0.888083 -0.198896 11.7806 0.0146777 0.225041 0.974239 7.3838
0.906835 0.406901 -0.109921 62.5709 -0.42112 0.885564 -0.196046 11.4013 0.0175707 0.224071 0.974414 7.45296
0.904765 0.411385 -0.110286 63.1852 -0.425514 0.884283 -0.192308 11.086 0.0184116 0.220922 0.975118 7.47072
0.905893 0.408762 -0.110779 63.844 -0.423028 0.885803 -0.190789 10.8533 0.0201412 0.219698 0.97536 7.51169
0.90743 0.404788 -0.112774 64.4273 -0.419641 0.886856 -0.193359 10.5626 0.0217444 0.222785 0.974625 7.54061
0.910382 0.39777 -0.113944 64.9298 -0.413084 0.889566 -0.195024 10.3295 0.0237859 0.224615 0.974157 7.55625
0.914029 0.390645 -0.109306 65.4813 -0.404863 0.895287 -0.18587 10.0663 0.0252509 0.214144 0.976476 7.56073
0.919475 0.378068 -0.107842 65.9555 -0.392099 0.901869 -0.18136 9.86382 0.0286926 0.20904 0.977486 7.58805
0.925838 0.361332 -0.110744 66.4372 -0.376345 0.908242 -0.182925 9.64353 0.0344854 0.211036 0.97687 7.6287
0.932841 0.342568 -0.1116 66.9305 -0.35797 0.916334 -0.179413 9.46769 0.0408013 0.207313 0.977423 7.66104
0.940664 0.319425 -0.114535 67.4138 -0.335734 0.925122 -0.17729 9.326 0.0493282 0.205224 0.977471 7.69135
0.949251 0.292476 -0.115675 67.9284 -0.309509 0.934044 -0.178231 9.17812 0.055917 0.204989 0.977166 7.72411
0.95828 0.260767 -0.117049 68.3682 -0.278632 0.943559 -0.179055 9.09504 0.0637507 0.204198 0.976852 7.72474
0.966835 0.229521 -0.112028 68.8755 -0.246886 0.952214 -0.179823 8.99803 0.0654012 0.201517 0.977299 7.79904
0.974576 0.194111 -0.111907 69.3765 -0.212079 0.960298 -0.181248 9.016 0.072282 0.200373 0.97705 7.85809
0.982539 0.151648 -0.107798 69.8977 -0.169682 0.968017 -0.184801 9.03382 0.0763252 0.199865 0.976846 7.92503
0.989163 0.102647 -0.104978 70.4158 -0.120406 0.976282 -0.179934 9.01322 0.0840185 0.190624 0.978061 8.00136
0.993523 0.0498299 -0.102125 70.8643 -0.067485 0.981809 -0.177475 9.0156 0.0914233 0.183217 0.978812 8.0608
0.994832 -0.00528753 -0.101394 71.4043 -0.0125421 0.984595 -0.174402 9.00632 0.100754 0.174773 0.97944 8.13526
0.992129 -0.0681245 -0.105066 71.9262 0.0481102 0.982037 -0.18245 9.11298 0.115608 0.175959 0.977585 8.24205
0.985682 -0.128522 -0.109145 72.3551 0.106791 0.976775 -0.185761 9.19984 0.130484 0.171446 0.976514 8.33947
0.974166 -0.195151 -0.113652 72.8623 0.171354 0.966541 -0.190885 9.35961 0.147101 0.166479 0.975011 8.4247
0.958452 -0.263414 -0.109471 73.3795 0.24027 0.952341 -0.187929 9.58521 0.153757 0.153818 0.976063 8.46611
0.938974 -0.326592 -0.108002 73.8155 0.304208 0.934964 -0.182484 9.77031 0.160575 0.138493 0.977259 8.50107
0.913167 -0.390235 -0.117651 74.2072 0.366647 0.912567 -0.181085 9.94747 0.17803 0.122224 0.976405 8.62516
0.885302 -0.450759 -0.114267 74.6425 0.428067 0.885962 -0.178411 10.1557 0.181656 0.109034 0.977299 8.67654
0.850696 -0.512951 -0.114877 75.0111 0.488544 0.852182 -0.187379 10.3713 0.194012 0.10328 0.975547 8.76681
0.815099 -0.56851 -0.1114 75.3756 0.546506 0.818377 -0.177736 10.6919 0.192212 0.0839916 0.977752 8.86169
0.779211 -0.618105 -0.103809 75.6574 0.596869 0.782338 -0.178028 10.9603 0.191254 0.076761 0.978534 8.97239
0.735803 -0.670093 -0.0978254 75.8703 0.64997 0.739362 -0.175737 11.1625 0.190089 0.0657243 0.979565 9.06623
0.694433 -0.713891 -0.0901236 76.1646 0.694278 0.697667 -0.176743 11.3943 0.189051 0.0601653 0.980122 9.13856
0.64943 -0.756047 -0.0814522 76.4757 0.739694 0.652932 -0.162888 11.6801 0.176334 0.0455347 0.983277 9.29702
0.607695 -0.789341 -0.0874548 76.6993 0.774666 0.613421 -0.153646 12.0299 0.174925 0.0256215 0.984248 9.39365
0.573475 -0.814045 -0.0919651 76.9742 0.800407 0.580683 -0.148847 12.3249 0.17457 0.0117502 0.984575 9.47182
0.547835 -0.830644 -0.0995376 77.1539 0.815348 0.556773 -0.158779 12.6597 0.187309 0.0058268 0.982284 9.50417
0.543095 -0.833662 -0.100277 77.4151 0.816997 0.552214 -0.166059 13.0249 0.193811 0.00825987 0.981004 9.55689
0.522602 -0.846868 -0.0984971 77.7276 0.828375 0.531698 -0.176327 13.3092 0.201697 0.0105564 0.979391 9.60438
0.503421 -0.858079 -0.101333 78.0123 0.839849 0.513507 -0.175966 13.6011 0.203028 0.00348039 0.979167 9.75203
0.495448 -0.861432 -0.111657 78.2916 0.847375 0.507577 -0.155953 13.956 0.191017 -0.0173482 0.981433 9.82237
0.487235 -0.864977 -0.120068 78.5313 0.850852 0.501172 -0.157727 14.3207 0.196605 -0.0253095 0.980156 9.9786
0.483019 -0.866455 -0.126285 78.7915 0.853441 0.498116 -0.153359 14.7285 0.195784 -0.0337011 0.980068 10.0503
0.483898 -0.865757 -0.127702 79.0234 0.851322 0.4995 -0.160469 15.2038 0.202714 -0.0310652 0.978745 10.1486
0.487407 -0.864211 -0.124796 79.2949 0.848955 0.502451 -0.163764 15.6628 0.204231 -0.0261267 0.978574 10.2174
0.490359 -0.862924 -0.122106 79.5475 0.845856 0.504975 -0.171835 16.117 0.209941 -0.0190229 0.977529 10.3593
0.496258 -0.85967 -0.121222 79.8181 0.842926 0.510535 -0.169796 16.5621 0.207857 -0.017919 0.977995 10.4263
0.494527 -0.860252 -0.124137 80.0513 0.844884 0.509306 -0.163639 17.0962 0.203995 -0.0239572 0.978679 10.4957
0.496192 -0.858857 -0.127114 80.3521 0.844282 0.511453 -0.160011 17.5624 0.202439 -0.0279242 0.978897 10.5861
0.502089 -0.855935 -0.123625 80.7135 0.841035 0.51656 -0.160705 17.9664 0.201413 -0.0232849 0.97923 10.7262
0.500891 -0.857326 -0.118746 81.0043 0.842429 0.514396 -0.160342 18.4346 0.198548 -0.0197216 0.979893 10.8727
0.500696 -0.858372 -0.111811 81.3464 0.844147 0.512777 -0.156447 18.9844 0.191624 -0.0160529 0.981337 10.9895
0.503429 -0.854805 -0.125968 81.7177 0.839759 0.518373 -0.161538 19.4957 0.203382 -0.0244594 0.978794 11.1668
0.505184 -0.855004 -0.117294 82.0537 0.839122 0.518399 -0.164731 20.047 0.201651 -0.0152048 0.979339 11.273
0.509986 -0.852818 -0.112324 82.3443 0.835371 0.522171 -0.171734 20.6366 0.20511 -0.00625037 0.978719 11.4574
0.500504 -0.857021 -0.122518 82.595 0.839941 0.514992 -0.171119 21.309 0.209748 -0.017262 0.977603 11.6276
0.50208 -0.855614 -0.125858 82.8982 0.838412 0.517256 -0.171791 21.9172 0.212088 -0.0192683 0.977061 11.7576
0.500131 -0.857108 -0.123426 83.2623 0.840698 0.514759 -0.168075 22.4907 0.207593 -0.0197048 0.978017 11.817
0.497493 -0.859484 -0.117426 83.6422 0.843908 0.510861 -0.163833 23.054 0.2008 -0.0175911 0.979474 11.971
0.495052 -0.861312 -0.114302 83.9981 0.845604 0.507848 -0.164453 23.6637 0.199694 -0.0152415 0.97974 12.2005
0.493523 -0.862049 -0.115351 84.3692 0.846945 0.506508 -0.16166 24.3036 0.197786 -0.0179132 0.980082 12.3352
0.493229 -0.862055 -0.116564 84.748 0.845367 0.506595 -0.169459 24.9452 0.205134 -0.0149575 0.97862 12.5556
0.489238 -0.864194 -0.117535 85.0758 0.84663 0.502952 -0.173947 25.597 0.209438 -0.0144072 0.977716 12.6965
0.4871 -0.865196 -0.119037 85.4638 0.848086 0.501142 -0.17207 26.2478 0.208529 -0.0171385 0.977866 12.8141
0.48108 -0.868668 -0.118231 85.9038 0.851564 0.495078 -0.172442 26.9745 0.208329 -0.0177227 0.977898 12.9696
0.477216 -0.871643 -0.111817 86.3299 0.854908 0.489935 -0.170575 27.6601 0.203463 -0.0141919 0.97898 13.2138
0.474511 -0.873207 -0.111127 86.7511 0.856654 0.487131 -0.169844 28.353 0.202442 -0.0146048 0.979185 13.3542
0.476927 -0.871936 -0.11076 87.1917 0.855332 0.489428 -0.169904 29.0537 0.202354 -0.0137051 0.979216 13.5141
0.475803 -0.872593 -0.11042 87.5358 0.856302 0.488235 -0.168444 29.7369 0.200894 -0.0144064 0.979507 13.6699
0.474363 -0.87321 -0.111736 87.9087 0.856873 0.487093 -0.168845 30.4269 0.201863 -0.0156497 0.979289 13.8708
0.474199 -0.872917 -0.114682 88.2927 0.856417 0.487549 -0.169843 31.1225 0.204172 -0.0176764 0.978775 14.0629
0.475981 -0.87185 -0.115408 88.6779 0.855009 0.489474 -0.171391 31.7819 0.205917 -0.0170963 0.97842 14.227
0.476122 -0.870288 -0.12612 89.0376 0.854395 0.491756 -0.167882 32.4611 0.208126 -0.0278236 0.977706 14.4055
0.476835 -0.869736 -0.12723 89.4278 0.854166 0.492646 -0.166435 33.1333 0.207434 -0.0293137 0.97781 14.5633
0.480317 -0.867455 -0.129685 89.7855 0.85297 0.496411 -0.161301 33.8116 0.204299 -0.0331419 0.978347 14.7357
0.481866 -0.866935 -0.127391 90.2035 0.852296 0.497473 -0.161591 34.5681 0.203462 -0.0307097 0.978601 14.9253
0.484841 -0.865277 -0.127378 90.5861 0.849561 0.500539 -0.166455 35.258 0.207787 -0.0275115 0.977787 15.1022
0.482315 -0.867067 -0.124771 90.9472 0.850423 0.497625 -0.170736 36.0417 0.210128 -0.0237594 0.977385 15.2696
0.482637 -0.867156 -0.122892 91.3623 0.849893 0.497604 -0.173413 36.7437 0.211528 -0.0207496 0.977152 15.4338
0.482299 -0.867794 -0.119668 91.7365 0.850539 0.496588 -0.173158 37.412 0.209691 -0.0182689 0.977597 15.6528
0.481485 -0.86819 -0.120073 92.162 0.851564 0.495818 -0.170304 38.1644 0.20739 -0.0202509 0.978049 15.852
0.480551 -0.868332 -0.122759 92.5315 0.853194 0.495293 -0.163537 38.8837 0.202807 -0.0261495 0.97887 15.9952
0.481867 -0.867757 -0.121663 92.8999 0.853983 0.496174 -0.156603 39.5817 0.19626 -0.0284363 0.98014 16.2035
0.480614 -0.865894 -0.138699 93.2109 0.845881 0.499477 -0.187107 40.2574 0.231292 -0.0273964 0.972499 16.3417
0.478862 -0.865569 -0.146568 93.5257 0.836527 0.500539 -0.222897 40.8779 0.266295 -0.0158713 0.963761 16.5926
0.481813 -0.866071 -0.133331 93.8801 0.844519 0.499536 -0.193005 41.4563 0.23376 -0.0196083 0.972097 16.8233
0.482726 -0.867168 -0.122452 94.2461 0.849772 0.49761 -0.173987 42.0477 0.211809 -0.0200682 0.977105 16.9324
0.48452 -0.867544 -0.112288 94.6528 0.853828 0.496928 -0.155047 42.7326 0.190309 -0.0207509 0.981505 17.0358
0.483535 -0.869359 -0.102028 95.0654 0.85814 0.493794 -0.140583 43.5131 0.172598 -0.0195774 0.984798 17.156
0.491311 -0.866092 -0.0921816 95.4488 0.856621 0.499636 -0.1287 44.2078 0.157523 -0.015733 0.98739 17.2256
0.483985 -0.870758 -0.0868324 95.7453 0.862496 0.491438 -0.120785 44.9305 0.147848 -0.0164344 0.988874 17.2989
0.478239 -0.874159 -0.0844586 96.0556 0.866155 0.48537 -0.119129 45.6699 0.145131 -0.0161821 0.98928 17.4613
0.473996 -0.876481 -0.0843132 96.3909 0.867684 0.48123 -0.124664 46.4844 0.149839 -0.0140673 0.98861 17.683
0.47023 -0.878508 -0.0843049 96.7082 0.868962 0.47757 -0.129735 47.2012 0.154235 -0.0122523 0.987958 17.8958
0.469249 -0.878845 -0.086238 97.1044 0.869127 0.476918 -0.131024 47.8895 0.156278 -0.0134689 0.987621 18.0632
0.462666 -0.881653 -0.0928867 97.4713 0.871858 0.471488 -0.132525 48.6446 0.160636 -0.0196694 0.986818 18.1636
0.460739 -0.881977 -0.0991792 97.8738 0.872544 0.470572 -0.131261 49.3113 0.16244 -0.0260612 0.986374 18.2568
0.45887 -0.882902 -0.0996094 98.2282 0.872678 0.46892 -0.136185 49.9964 0.166947 -0.0244357 0.985663 18.4033
0.458764 -0.881814 -0.109271 98.6476 0.872311 0.470366 -0.133525 50.7208 0.169141 -0.034062 0.985003 18.5377
0.457126 -0.884054 -0.0973859 99.002 0.872618 0.466975 -0.143082 51.4328 0.171969 -0.0195741 0.984908 18.7451
0.456796 -0.884583 -0.0940751 99.3735 0.873302 0.46606 -0.141886 52.1639 0.169355 -0.0173429 0.985403 18.8596
0.454961 -0.885452 -0.0947898 99.7402 0.872879 0.464497 -0.149414 52.9039 0.176328 -0.0147625 0.984221 19.0367
0.450544 -0.887729 -0.0945947 100.091 0.874573 0.460159 -0.152889 53.58 0.179253 -0.0138466 0.983706 19.1511
0.444415 -0.890747 -0.0952151 100.425 0.87763 0.454235 -0.153091 54.2676 0.179615 -0.0155277 0.983614 19.2854
0.438608 -0.893691 -0.0945491 100.801 0.880996 0.44836 -0.151059 54.9696 0.177392 -0.0170417 0.983993 19.4623
0.433348 -0.89642 -0.0929531 101.11 0.884436 0.442823 -0.147245 55.6274 0.173155 -0.0184028 0.984723 19.6206
0.429561 -0.898527 -0.0901451 101.484 0.887626 0.438485 -0.140894 56.3598 0.166124 -0.0194926 0.985912 19.7782
0.425364 -0.900106 -0.0942064 101.762 0.889483 0.434996 -0.139995 57.0616 0.16699 -0.024246 0.98566 19.9142
0.42121 -0.902027 -0.0944963 102.077 0.891148 0.430985 -0.141799 57.8275 0.168633 -0.0244831 0.985375 20.0778
0.415858 -0.904538 -0.0942002 102.372 0.89237 0.425831 -0.14948 58.5566 0.175324 -0.0218989 0.984267 20.2721
0.410378 -0.907089 -0.0937029 102.661 0.89367 0.42049 -0.156659 59.2566 0.181505 -0.0194499 0.983198 20.3763
0.405169 -0.90944 -0.0935813 102.965 0.896605 0.415274 -0.153776 59.9903 0.178712 -0.0216002 0.983664 20.5209
0.399055 -0.912354 -0.0914577 103.28 0.900208 0.408786 -0.150068 60.7327 0.174302 -0.0224453 0.984436 20.6442
0.393216 -0.914379 -0.0963995 103.575 0.902507 0.403877 -0.14955 61.4657 0.175679 -0.0281958 0.984044 20.7686
0.384536 -0.917736 -0.0994587 103.871 0.905324 0.39598 -0.153585 62.1721 0.180335 -0.0309833 0.983117 20.9322
0.379596 -0.920157 -0.0960117 104.22 0.907664 0.390493 -0.153826 62.9288 0.179036 -0.0287547 0.983422 21.0973
0.370618 -0.924079 -0.0933821 104.499 0.91181 0.381135 -0.15277 63.6173 0.176763 -0.0285274 0.98384 21.2357
0.363587 -0.925924 -0.102317 104.794 0.915219 0.37553 -0.146117 64.3535 0.173717 -0.0405162 0.983962 21.3578
0.354854 -0.933361 -0.0539924 105.143 0.919599 0.358869 -0.159846 65.1173 0.16857 0.00707062 0.985664 21.5238
0.342864 -0.936567 -0.0727162 105.495 0.92337 0.35024 -0.157224 65.8237 0.172719 -0.0132375 0.984882 21.6469
0.335613 -0.937752 -0.0893585 105.754 0.92607 0.345821 -0.151004 66.5446 0.172506 -0.0320734 0.984486 21.829
0.332566 -0.940107 -0.0748279 106.03 0.927168 0.340437 -0.156405 67.1881 0.172512 -0.0173631 0.984854 22.0558
0.329596 -0.941808 -0.0660577 106.279 0.928158 0.336042 -0.159998 67.8795 0.172885 -0.00857731 0.984905 22.1981
0.32604 -0.941223 -0.0882995 106.511 0.929513 0.336203 -0.151568 68.6297 0.172346 -0.0326584 0.984495 22.2679
0.324453 -0.940247 -0.103272 106.772 0.929389 0.337195 -0.150119 69.4084 0.175972 -0.0472731 0.983259 22.4268
0.320851 -0.944144 -0.0751483 107.043 0.933379 0.328667 -0.144162 70.1638 0.160808 -0.0238874 0.986697 22.5433
0.316284 -0.945534 -0.0770068 107.305 0.936795 0.324097 -0.131822 70.9445 0.1496 -0.0304463 0.988278 22.5548
0.312373 -0.946536 -0.0805715 107.563 0.938487 0.320631 -0.12821 71.7384 0.147189 -0.0355659 0.988469 22.6559
0.309536 -0.947705 -0.0777332 107.772 0.938419 0.31765 -0.135896 72.4915 0.153481 -0.0308817 0.987669 22.8324
0.303997 -0.949936 -0.072162 108.009 0.938523 0.311628 -0.148533 73.2212 0.163584 -0.0225723 0.986271 23.0278
0.299133 -0.95138 -0.0734559 108.233 0.937733 0.307339 -0.161864 73.9473 0.17657 -0.0204631 0.984075 23.2476
0.294309 -0.95231 -0.0805512 108.435 0.938039 0.303972 -0.166386 74.6876 0.182937 -0.0265912 0.982765 23.381
0.287476 -0.955629 -0.0642699 108.65 0.940917 0.294315 -0.167491 75.4426 0.178975 -0.012323 0.983777 23.6137
0.281581 -0.957015 -0.0695272 108.87 0.944567 0.289209 -0.155408 76.2225 0.168836 -0.021913 0.985401 23.75
0.276158 -0.958633 -0.0689843 109.134 0.946904 0.28367 -0.151342 76.997 0.16465 -0.0235272 0.986071 23.8984
0.273138 -0.959293 -0.0717791 109.391 0.947463 0.281179 -0.152488 77.7864 0.166463 -0.0263578 0.985695 24.0758
0.268324 -0.96102 -0.0666583 109.607 0.948329 0.275676 -0.157082 78.5357 0.169335 -0.0210651 0.985333 24.2311
0.263646 -0.962114 -0.0694788 109.821 0.94866 0.271658 -0.162005 79.319 0.174742 -0.0231997 0.984341 24.2948
0.257422 -0.96397 -0.0670489 110.031 0.948889 0.265287 -0.170975 80.1091 0.182602 -0.0196093 0.982991 24.4626
0.252272 -0.964899 -0.0730027 110.299 0.95213 0.260978 -0.159182 80.8977 0.172647 -0.0293508 0.984546 24.562
0.248175 -0.965614 -0.0774527 110.493 0.955201 0.257238 -0.146355 81.7302 0.161246 -0.0376612 0.986195 24.7118
0.244936 -0.966216 -0.0802036 110.694 0.957056 0.254185 -0.139402 82.5036 0.155079 -0.0426148 0.986982 24.9292
0.240206 -0.967629 -0.0774244 110.904 0.957394 0.249325 -0.145721 83.297 0.160307 -0.0391227 0.986292 25.0451
0.23666 -0.968384 -0.0788981 111.108 0.956998 0.246358 -0.153177 84.0771 0.167772 -0.0392542 0.985044 25.2643
0.234595 -0.967698 -0.0923317 111.278 0.955654 0.24698 -0.160398 84.8525 0.17802 -0.0506086 0.982725 25.4146
0.232983 -0.965579 -0.115651 111.424 0.954644 0.24976 -0.162097 85.6168 0.185402 -0.0726392 0.979974 25.6693
0.231521 -0.965001 -0.123172 111.59 0.955176 0.249501 -0.159339 86.4048 0.184494 -0.0807606 0.97951 25.8364
0.230959 -0.966466 -0.112252 111.814 0.956174 0.246798 -0.157547 87.1777 0.179968 -0.0709455 0.981111 25.9255
0.231447 -0.967624 -0.100682 112.018 0.957215 0.244984 -0.154019 87.9464 0.173698 -0.0607274 0.982925 25.9993
0.230627 -0.968802 -0.0907445 112.213 0.958036 0.242396 -0.153006 88.7064 0.170228 -0.0516492 0.98405 26.167
0.229242 -0.969494 -0.0867735 112.398 0.956903 0.240795 -0.16234 89.526 0.178283 -0.0458187 0.982912 26.353
0.225868 -0.970749 -0.0814214 112.591 0.956404 0.23686 -0.170847 90.3331 0.185135 -0.0392828 0.981928 26.532
0.22387 -0.970984 -0.0840984 112.801 0.956248 0.235505 -0.173569 91.1254 0.188338 -0.0415622 0.981224 26.6683
0.221847 -0.971406 -0.0845871 113.023 0.958749 0.23312 -0.16265 91.9499 0.177718 -0.0450144 0.983051 26.7149
0.219462 -0.970736 -0.0975072 113.233 0.961027 0.232319 -0.149851 92.779 0.168118 -0.0608205 0.983889 26.851
0.216564 -0.972536 -0.0852901 113.407 0.962306 0.227373 -0.149227 93.5524 0.164521 -0.049758 0.985118 27.0479
0.214301 -0.970057 -0.114305 113.576 0.961131 0.230277 -0.152316 94.3444 0.174077 -0.0772205 0.9817 27.1527
0.211538 -0.968507 -0.131325 113.742 0.959252 0.231486 -0.162017 95.1257 0.187314 -0.0917009 0.97801 27.3637
0.215334 -0.970127 -0.111738 113.909 0.958111 0.232008 -0.167918 95.9231 0.188826 -0.0708987 0.979448 27.4946
0.218074 -0.968528 -0.119985 114.066 0.958776 0.235567 -0.158924 96.736 0.182187 -0.0803814 0.979973 27.7126
0.219474 -0.97038 -0.100962 114.244 0.959768 0.233327 -0.156216 97.5668 0.175146 -0.0626145 0.982549 27.8431
0.219882 -0.971162 -0.0921761 114.387 0.960643 0.232001 -0.152779 98.3064 0.169758 -0.0549551 0.983952 27.9818
0.220291 -0.969607 -0.106458 114.57 0.959255 0.235138 -0.15665 99.1284 0.176921 -0.0676122 0.9819 28.1517
0.219706 -0.969764 -0.106243 114.77 0.958683 0.234793 -0.160622 99.9282 0.18071 -0.0665639 0.981281 28.3433
0.216654 -0.969884 -0.111293 114.935 0.958708 0.232887 -0.163224 100.69 0.184227 -0.0713343 0.980292 28.489
0.216246 -0.970235 -0.109004 115.137 0.959226 0.231939 -0.161525 101.455 0.182 -0.0696305 0.98083 28.6339
0.214851 -0.970595 -0.108553 115.306 0.960924 0.229946 -0.154112 102.201 0.174542 -0.0712003 0.982072 28.7588
0.21306 -0.971642 -0.102556 115.518 0.962546 0.226752 -0.148624 102.938 0.167664 -0.0670486 0.983562 28.9467
0.211617 -0.972948 -0.0926835 115.689 0.963213 0.223688 -0.148942 103.669 0.165645 -0.0577553 0.984493 29.0693
0.210515 -0.97386 -0.0853209 115.876 0.962957 0.221617 -0.153622 104.384 0.168515 -0.0498205 0.984439 29.2873
0.20895 -0.973836 -0.0893448 116.057 0.961259 0.221326 -0.164307 105.088 0.179782 -0.0515515 0.982355 29.4089
0.211109 -0.973109 -0.0921515 116.23 0.960656 0.223962 -0.164258 105.779 0.180479 -0.0538496 0.982104 29.6375
0.212825 -0.971966 -0.0999362 116.418 0.959659 0.227165 -0.165682 106.485 0.18374 -0.0606434 0.981103 29.769
0.214712 -0.97152 -0.100237 116.584 0.95921 0.229082 -0.165643 107.151 0.183888 -0.0605827 0.981079 29.8145
0.216611 -0.971337 -0.0978987 116.753 0.959138 0.230437 -0.164175 107.85 0.182029 -0.0583362 0.981561 29.9162
0.222014 -0.970111 -0.0979473 116.91 0.958304 0.235633 -0.16165 108.535 0.179898 -0.0579747 0.981975 30.0517
0.225711 -0.969154 -0.0989707 116.982 0.959174 0.238852 -0.151444 109.228 0.170412 -0.0607476 0.983499 30.1401
0.233447 -0.966969 -0.102338 117.1 0.957879 0.246793 -0.146834 109.871 0.16724 -0.06375 0.983853 30.2725
0.238216 -0.966024 -0.100252 117.229 0.956349 0.251307 -0.149134 110.451 0.169261 -0.0603495 0.983722 30.3261
0.242115 -0.964858 -0.102128 117.349 0.954121 0.25588 -0.155495 111.077 0.176163 -0.0597944 0.982543 30.4684
0.247248 -0.963022 -0.107033 117.431 0.950156 0.26262 -0.168031 111.697 0.189926 -0.0601526 0.979954 30.6519
0.253074 -0.960791 -0.113286 117.551 0.947134 0.269925 -0.173429 112.405 0.197208 -0.0634067 0.978309 30.8625
0.259961 -0.958887 -0.113826 117.686 0.944996 0.276867 -0.174147 113.068 0.198502 -0.0622932 0.978119 30.989
0.267284 -0.957963 -0.104238 117.899 0.944751 0.281814 -0.167409 113.723 0.189747 -0.0537331 0.980362 31.0494
0.268959 -0.958075 -0.098763 118.138 0.946609 0.281869 -0.156464 114.283 0.177743 -0.0514076 0.982733 31.0782
0.26967 -0.958043 -0.0971219 118.352 0.947061 0.282115 -0.153251 114.817 0.174221 -0.0506532 0.983403 31.192
0.284212 -0.954033 -0.0951041 118.497 0.943368 0.295974 -0.149856 115.421 0.171116 -0.047127 0.984123 31.3197
0.299545 -0.950499 -0.0826066 118.734 0.937653 0.30928 -0.158597 116.072 0.176295 -0.0299493 0.983882 31.4254
0.312284 -0.947706 -0.0658158 119.005 0.93603 0.318789 -0.14907 116.702 0.162256 -0.0150533 0.986634 31.6276
0.311074 -0.946314 -0.0878796 119.219 0.937078 0.320824 -0.137685 117.391 0.158487 -0.0395198 0.98657 31.8274
0.312113 -0.944325 -0.104095 119.4 0.936131 0.324374 -0.135796 118.038 0.162001 -0.0550626 0.985253 31.9404
0.30093 -0.952875 -0.0383478 119.572 0.939856 0.303152 -0.157385 118.661 0.161594 0.0113205 0.986792 32.0981
0.294083 -0.955448 0.0251675 119.759 0.941969 0.285273 -0.176959 119.272 0.161895 0.0757477 0.983896 32.1605
0.28752 -0.954145 0.0833048 119.927 0.944137 0.267727 -0.192164 119.924 0.16105 0.133902 0.977821 32.1322
0.280107 -0.954967 0.0978639 120.023 0.945368 0.256696 -0.200966 120.605 0.166795 0.148809 0.974698 32.1666
0.280012 -0.956285 0.0843373 120.204 0.945297 0.259343 -0.197878 121.3 0.167355 0.135132 0.976592 32.1861
0.276143 -0.95779 0.0798918 120.394 0.947666 0.257478 -0.18877 121.988 0.160232 0.127838 0.978766 32.3044
0.270008 -0.957286 0.103439 120.561 0.951455 0.248782 -0.181219 122.699 0.147745 0.147348 0.977988 32.3766
0.266611 -0.958558 0.100423 120.732 0.953524 0.247154 -0.172357 123.337 0.140394 0.141707 0.979902 32.5005
0.264716 -0.958813 0.102969 120.911 0.95417 0.244974 -0.171891 123.966 0.139587 0.143752 0.97972 32.7178
0.264134 -0.959907 0.0938676 121.083 0.953242 0.244997 -0.176937 124.626 0.146846 0.136214 0.979736 32.8452
