0.477284 -0.878556 0.0184031 0.681433 0.878745 0.477243 -0.00686302 0.552625 -0.00275319 0.0194472 0.999807 0.791128
0.824266 0.556174 -0.106089 -72.9175 -0.560594 0.827955 -0.0149988 136.141 0.0794948 0.0718357 0.994244 2.57283
-0.655388 -0.755097 0.0171484 285.366 0.689113 -0.607103 -0.395663 80.9328 0.309175 -0.247496 0.918236 -30.9188
-0.275821 -0.879061 0.388813 382.098 0.886557 -0.388954 -0.250463 50.5121 0.371403 0.275621 0.886619 -79.1175
